timestamp,ttft_ms,tpot_ms,total_time_ms,token_count,success
1790473286.2735076,569.809,201.787,2790.242,12,True
1790473286.301585,565.445,202.086,2789.52,12,True
1790473286.3331833,569.153,202.054,2793.105,12,True
1790473286.3577118,565.859,202.096,2790.276,12,True
1790473286.385378,566.02,202.077,2790.035,12,True
1790473286.4170692,571.671,201.909,2794.278,12,True
1790473286.4456847,571.56,201.986,2794.914,12,True
1790473286.471902,573.07,201.597,2792.776,12,True
1790473286.4990625,582.501,200.793,2792.631,12,True
1790473286.5238302,566.761,201.909,2789.322,12,True
1790473286.5547893,568.201,202.016,2791.86,12,True
1790473286.5844862,570.38,201.972,2793.941,12,True
1790473286.610874,570.063,201.914,2792.492,12,True
1790473286.6392555,570.386,201.97,2793.398,12,True
1790473286.6652856,580.185,200.92,2791.652,12,True
1790473286.6962595,570.698,201.995,2794.366,12,True
1790473286.7233815,569.625,202.03,2794.094,12,True
1790473286.7508028,571.871,201.905,2794.258,12,True
1790473286.7794428,571.144,201.979,2794.512,12,True
1790473286.804811,570.906,201.81,2792.205,12,True
1790473286.833102,570.064,201.976,2793.299,12,True
1790473286.8608658,573.186,201.67,2793.046,12,True
1790473286.887594,569.535,201.893,2791.752,12,True
1790473286.9166281,571.038,201.872,2792.692,12,True
1790473286.9456627,570.711,201.997,2793.806,12,True
1790473286.9722793,570.622,201.909,2792.845,12,True
1790473287.0009987,568.71,202.137,2793.543,12,True
1790473287.0286012,568.447,202.106,2793.226,12,True
1790473287.0782819,592.197,201.989,2815.85,12,True
1790473287.0854943,572.419,202.046,2795.865,12,True
1790473287.1092088,565.912,202.183,2790.842,12,True
1790473287.1409428,570.84,201.979,2794.184,12,True
1790473287.166973,567.234,202.202,2792.63,12,True
1790473287.1950712,569.298,202.071,2793.322,12,True
1790473287.2461169,590.384,202.226,2816.494,12,True
1790473287.2553043,568.508,202.275,2794.838,12,True
1790473287.2777724,573.912,201.592,2792.578,12,True
1790473287.306436,569.014,202.122,2793.559,12,True
1790473287.3344858,570.765,201.95,2793.395,12,True
1790473287.3618708,569.97,202.022,2793.413,12,True
1790473287.3898008,588.626,200.322,2793.381,12,True
1790473287.4193263,569.937,202.093,2794.787,12,True
1790473287.44826,569.446,202.178,2796.842,12,True
1790473287.473534,571.38,201.927,2793.9,12,True
1790473287.502541,569.931,202.133,2795.038,12,True
1790473287.527781,568.6,202.063,2792.4,12,True
1790473287.5563548,571.845,201.822,2793.831,12,True
1790473287.5835886,570.221,201.967,2793.402,12,True
1790473287.6120331,569.975,201.862,2792.753,12,True
1790473287.6408432,568.982,202.1,2793.511,12,True
1790473287.6695051,569.003,202.216,2795.543,12,True
1790473287.694595,571.433,201.821,2792.828,12,True
1790473287.720649,565.702,202.152,2790.879,12,True
1790473287.7512577,569.76,202.048,2793.968,12,True
1790473287.7773933,566.874,202.134,2791.89,12,True
1790473287.849854,610.018,202.03,2835.986,12,True
1790473287.851737,585.387,202.042,2810.982,12,True
1790473287.8602343,564.757,202.271,2791.421,12,True
1790473287.889923,571.018,201.791,2792.339,12,True
1790473287.9155576,571.318,201.684,2790.724,12,True
1790473287.9816968,606.479,202.008,2829.774,12,True
1790473287.9832535,578.629,202.187,2802.802,12,True
1790473288.0097868,567.433,202.792,2802.247,12,True
1790473288.0295289,571.887,201.868,2793.573,12,True
1790473288.056707,568.937,202.103,2793.371,12,True
1790473288.0828695,567.343,202.155,2792.231,12,True
1790473288.1136804,569.599,202.074,2794.18,12,True
1790473288.1376834,569.553,201.884,2791.421,12,True
1790473288.167354,572.25,201.79,2792.962,12,True
1790473288.200703,573.546,202.08,2797.767,12,True
1790473288.2261524,565.91,202.059,2789.851,12,True
1790473288.2522573,572.052,201.864,2793.717,12,True
1790473288.2823868,573.929,201.817,2796.049,12,True
1790473288.304886,570.024,201.787,2790.933,12,True
1790473288.3376033,570.338,202.169,2795.843,12,True
1790473288.3628182,573.276,201.75,2793.88,12,True
1790473288.391098,573.01,201.783,2793.747,12,True
1790473288.4207377,573.78,201.916,2796.119,12,True
1790473288.4468322,608.658,198.611,2794.435,12,True
1790473288.475375,584.665,200.831,2795.102,12,True
1790473288.5027432,568.917,202.162,2794.128,12,True
1790473288.5298507,571.367,201.951,2794.205,12,True
1790473288.55807,570.643,202.023,2794.062,12,True
1790473288.5885952,570.793,202.25,2797.161,12,True
1790473288.612382,567.239,202.185,2792.768,12,True
1790473288.6426506,571.317,202.034,2795.109,12,True
1790473288.6672602,568.187,202.091,2792.629,12,True
1790473288.6934364,568.122,201.952,2790.534,12,True
1790473288.7266257,569.782,202.23,2795.679,12,True
1790473288.752526,570.816,201.927,2793.922,12,True
1790473288.781198,570.045,202.152,2794.931,12,True
1790473288.8097322,571.455,201.968,2794.999,12,True
1790473288.836595,570.62,202.046,2794.578,12,True
1790473288.8619366,571.524,201.794,2792.501,12,True
1790473288.8909512,569.688,202.059,2793.812,12,True
1790473288.921351,572.581,201.966,2795.628,12,True
1790473288.9479227,572.099,201.956,2794.979,12,True
1790473288.978021,572.874,202.035,2796.615,12,True
1790473289.001548,572.185,201.775,2792.835,12,True
1790473289.0539768,593.578,201.989,2817.234,12,True
1790473289.061735,566.259,201.865,2787.999,12,True
1790473289.092764,566.892,202.042,2790.803,12,True
1790473289.1256635,566.424,202.223,2792.192,12,True
1790473289.15286,576.189,201.568,2794.838,12,True
1790473289.1760757,566.028,202.07,2790.347,12,True
1790473289.210124,569.935,201.836,2792.705,12,True
1790473289.237106,567.98,201.934,2791.02,12,True
1790473289.262054,569.408,201.756,2789.828,12,True
1790473289.2904797,566.708,202.102,2791.009,12,True
1790473289.3141804,567.056,201.965,2790.066,12,True
1790473289.3458,565.225,202.175,2790.644,12,True
1790473289.3781438,566.707,202.261,2793.331,12,True
1790473289.4024973,568.083,201.979,2791.136,12,True
1790473289.43127,567.246,202.121,2791.705,12,True
1790473289.4568686,567.39,202.057,2791.288,12,True
1790473289.4900622,568.539,202.115,2793.444,12,True
1790473289.5167253,567.463,202.167,2793.016,12,True
1790473289.5425727,569.55,201.888,2791.474,12,True
1790473289.5734835,568.457,202.169,2793.738,12,True
1790473289.5979352,569.042,202.036,2792.757,12,True
1790473289.631022,572.73,202.152,2797.613,12,True
1790473289.6539984,567.579,202.157,2792.747,12,True
1790473289.6799607,569.125,201.959,2792.026,12,True
1790473289.7104971,568.031,202.176,2793.512,12,True
1790473289.7378492,564.64,202.332,2791.929,12,True
1790473289.7633913,567.303,201.978,2790.773,12,True
1790473289.7932577,567.967,202.028,2791.869,12,True
1790473289.8199642,569.052,201.858,2791.011,12,True
1790473289.8682597,564.751,202.111,2789.638,12,True
1790473289.8844166,572.383,202.208,2798.717,12,True
1790473289.8995602,567.005,201.995,2790.041,12,True
1790473289.932457,569.028,201.889,2791.249,12,True
1790473289.9583168,566.55,202.08,2790.947,12,True
1790473289.9846075,565.165,202.054,2789.18,12,True
1790473290.0403504,569.199,202.087,2793.797,12,True
1790473290.0486693,569.905,201.998,2793.135,12,True
1790473290.067245,566.125,202.013,2789.213,12,True
1790473290.097788,571.674,201.643,2791.013,12,True
1790473290.1241238,565.479,202.073,2789.275,12,True
1790473290.152333,564.786,202.167,2790.119,12,True
1790473290.1811616,566.724,202.09,2791.016,12,True
1790473290.212182,567.782,202.124,2792.537,12,True
1790473290.242265,568.849,202.152,2793.7,12,True
1790473290.2642546,567.02,201.996,2790.43,12,True
1790473290.2958984,567.928,202.141,2792.957,12,True
1790473290.3177674,567.105,201.949,2789.742,12,True
1790473290.3470094,569.004,201.836,2790.363,12,True
1790473290.3753242,566.152,202.173,2791.269,12,True
1790473290.4066706,568.76,202.155,2794.326,12,True
1790473290.4353302,572.342,201.845,2794.092,12,True
1790473290.4630334,570.252,201.913,2793.268,12,True
1790473290.4864109,569.233,201.808,2791.587,12,True
1790473290.5130782,567.889,202.066,2792.172,12,True
1790473290.5451062,566.985,202.196,2793.503,12,True
1790473290.571383,568.259,202.047,2793.682,12,True
1790473290.649024,573.831,202.174,2798.903,12,True
1790473290.6511075,573.166,202.273,2799.109,12,True
1790473290.6655538,577.957,202.362,2805.018,12,True
1790473290.6776824,563.617,202.101,2787.506,12,True
1790473290.705252,565.314,202.023,2789.47,12,True
1790473290.7787302,572.647,202.074,2796.764,12,True
1790473290.7803686,572.397,202.222,2796.907,12,True
1790473290.8000402,566.651,202.027,2789.932,12,True
1790473290.8206632,567.332,202.026,2790.863,12,True
1790473290.8470674,569.553,201.775,2790.057,12,True
1790473290.8730996,566.393,202.048,2789.937,12,True
1790473290.904559,566.448,202.087,2790.583,12,True
1790473290.9275143,565.896,202.061,2789.59,12,True
1790473290.9572299,566.016,202.041,2789.651,12,True
1790473290.9933531,566.939,202.187,2792.393,12,True
1790473291.0161285,566.789,201.999,2789.741,12,True
1790473291.042873,568.227,201.85,2790.276,12,True
1790473291.0743408,566.825,202.122,2791.661,12,True
1790473291.0955906,566.833,202.029,2790.419,12,True
1790473291.1297266,566.557,202.182,2791.758,12,True
1790473291.154005,571.488,201.662,2790.907,12,True
1790473291.1822941,569.104,201.863,2790.854,12,True
1790473291.213892,568.439,202.098,2792.889,12,True
1790473291.2369416,565.431,202.085,2789.869,12,True
1790473291.26697,565.521,202.216,2791.31,12,True
1790473291.2933302,566.956,202.009,2790.263,12,True
1790473291.3204644,565.839,202.143,2790.297,12,True
1790473291.3495152,569.028,201.868,2791.094,12,True
1790473291.3827536,570.932,201.963,2793.791,12,True
1790473291.4047365,570.225,201.872,2791.99,12,True
1790473291.433684,566.151,202.148,2790.746,12,True
1790473291.4570706,566.07,202.023,2789.533,12,True
1790473291.4828227,565.822,202.013,2789.104,12,True
1790473291.5178201,565.449,202.188,2790.834,12,True
1790473291.544182,567.88,201.996,2791.318,12,True
1790473291.5720236,566.133,202.072,2790.554,12,True
1790473291.600848,571.788,201.592,2790.835,12,True
1790473291.6299734,567.207,202.124,2792.966,12,True
1790473291.650542,564.556,202.054,2788.415,12,True
1790473291.6822925,567.45,202.012,2790.959,12,True
1790473291.713657,570.735,201.806,2792.053,12,True
1790473291.739904,570.673,201.804,2791.753,12,True
1790473291.7683358,566.138,202.045,2789.981,12,True
1790473291.7916045,565.228,202.073,2789.781,12,True
1790473291.8473163,568.139,201.951,2793.071,12,True
1790473291.85594,570.805,201.964,2793.968,12,True
1790473291.8842597,567.667,201.997,2791.198,12,True
1790473291.9179869,568.957,201.956,2791.955,12,True
1790473291.9467463,571.209,201.873,2793.558,12,True
1790473291.9690053,570.05,201.941,2792.649,12,True
1790473292.0031023,568.061,202.089,2792.528,12,True
1790473292.0294273,569.28,201.928,2792.029,12,True
1790473292.0529115,566.381,202.06,2790.476,12,True
1790473292.0810032,567.088,201.991,2790.248,12,True
1790473292.1064258,568.89,201.962,2791.935,12,True
1790473292.137661,567.741,202.03,2791.553,12,True
1790473292.1704705,567.091,202.005,2790.389,12,True
1790473292.1942213,569.617,201.785,2791.435,12,True
1790473292.2251952,568.788,202.095,2793.636,12,True
1790473292.2507246,569.318,202.098,2793.563,12,True
1790473292.2832127,571.58,201.82,2792.76,12,True
1790473292.3085601,566.405,202.173,2791.542,12,True
1790473292.333716,566.727,202.07,2790.896,12,True
1790473292.3648517,567.33,202.031,2791.027,12,True
1790473292.3890767,566.583,202.088,2790.865,12,True
1790473292.4251015,569.175,202.115,2793.672,12,True
1790473292.444327,565.121,202.132,2790.038,12,True
1790473292.4708,565.605,202.141,2790.526,12,True
1790473292.5038905,568.06,202.136,2793.072,12,True
1790473292.5339084,569.327,202.262,2795.749,12,True
1790473292.5584378,568.779,202.236,2794.698,12,True
1790473292.5865023,566.439,202.201,2792.803,12,True
1790473292.6116538,567.207,202.056,2791.384,12,True
1790473292.6584926,568.609,201.839,2789.863,12,True
1790473292.6734982,564.674,202.104,2788.794,12,True
1790473292.68857,566.325,201.956,2788.784,12,True
1790473292.723666,567.251,202.01,2790.913,12,True
1790473292.7507453,567.446,202.045,2792.018,12,True
1790473292.7754962,566.848,202.037,2790.563,12,True
1790473292.833228,568.014,202.124,2792.569,12,True
1790473292.8462358,573.709,202.042,2797.367,12,True
1790473292.8584802,565.415,202.252,2791.073,12,True
1790473292.8867204,567.097,201.816,2788.652,12,True
1790473292.912917,563.992,202.114,2788.579,12,True
1790473292.9424653,565.265,202.11,2789.807,12,True
1790473292.971519,565.316,202.094,2790.005,12,True
1790473293.0026903,565.813,202.093,2790.237,12,True
1790473293.0327053,566.644,202.027,2790.186,12,True
1790473293.0562816,570.326,201.728,2791.786,12,True
1790473293.0881429,565.497,202.233,2791.973,12,True
1790473293.1082373,566.224,202.097,2790.248,12,True
1790473293.138223,566.928,202.064,2790.793,12,True
1790473293.1646748,565.045,202.08,2789.082,12,True
1790473293.197609,566.127,202.099,2790.635,12,True
1790473293.2285674,570.983,201.881,2792.915,12,True
1790473293.2576811,569.775,202.043,2794.207,12,True
1790473293.2764258,566.899,201.942,2789.765,12,True
1790473293.3030205,565.256,202.101,2789.685,12,True
1790473293.3367457,566.806,202.059,2791.322,12,True
1790473293.3647726,571.785,201.793,2793.071,12,True
1790473293.4407206,567.141,202.1,2791.38,12,True
1790473293.4468992,572.656,201.962,2794.858,12,True
1790473293.4577372,566.742,202.055,2792.019,12,True
1790473293.4639664,562.26,202.119,2786.132,12,True
1790473293.4972608,564.759,202.231,2791.741,12,True
1790473293.573176,569.967,202.071,2794.184,12,True
1790473293.5752623,570.197,202.171,2794.621,12,True
1790473293.5903435,563.704,202.301,2790.08,12,True
1790473293.6091285,564.509,202.072,2788.177,12,True
1790473293.6372132,564.108,202.214,2789.694,12,True
1790473293.6626549,567.007,201.914,2789.289,12,True
1790473293.693905,564.972,202.033,2789.127,12,True
1790473293.7181082,569.733,201.735,2790.314,12,True
1790473293.7465086,566.348,201.933,2789.034,12,True
1790473293.7859716,566.96,202.172,2792.319,12,True
1790473293.805426,572.804,201.366,2789.104,12,True
1790473293.8369007,569.228,202.09,2793.691,12,True
1790473293.868535,571.092,201.919,2793.862,12,True
1790473293.8898509,566.109,202.369,2793.961,12,True
1790473293.923438,567.672,202.169,2793.412,12,True
1790473293.9474182,567.396,202.229,2793.088,12,True
1790473293.9731274,569.362,201.78,2790.554,12,True
1790473294.005007,567.424,202.009,2790.782,12,True
1790473294.030488,567.11,202.242,2793.259,12,True
1790473294.0602667,569.242,201.998,2792.875,12,True
1790473294.0840523,568.428,201.852,2790.322,12,True
1790473294.1100912,565.068,202.032,2789.296,12,True
1790473294.141705,570.091,201.796,2791.877,12,True
1790473294.172814,565.786,202.049,2789.796,12,True
1790473294.195694,566.106,202.065,2790.606,12,True
1790473294.225191,571.036,201.715,2791.252,12,True
1790473294.248866,565.53,202.263,2791.567,12,True
1790473294.2749665,567.291,202.079,2791.44,12,True
1790473294.3095539,566.412,202.104,2791.442,12,True
1790473294.3362,569.152,201.908,2791.725,12,True
1790473294.36189,566.636,201.973,2789.475,12,True
1790473294.392017,565.822,202.148,2790.887,12,True
1790473294.4243593,569.646,202.041,2794.062,12,True
1790473294.4425886,564.668,202.371,2791.843,12,True
1790473294.4748888,566.386,202.221,2792.281,12,True
1790473294.5065222,566.806,202.166,2792.555,12,True
1790473294.529742,565.013,202.113,2789.594,12,True
1790473294.5593736,566.709,202.022,2790.736,12,True
1790473294.581296,565.919,202.035,2789.442,12,True
1790473294.6423874,568.555,202.111,2794.739,12,True
1790473294.6515167,571.246,202.092,2795.325,12,True
1790473294.6746879,566.367,202.089,2790.146,12,True
1790473294.7115464,567.388,202.189,2793.229,12,True
1790473294.7402499,568.634,202.071,2793.07,12,True
1790473294.7595685,565.924,202.116,2790.328,12,True
1790473294.8452244,567.905,206.106,2841.802,12,True
1790473294.8464565,568.708,203.911,2816.689,12,True
1790473294.8484645,567.998,202.378,2795.303,12,True
1790473294.8713632,567.758,201.979,2790.132,12,True
1790473294.89778,567.914,201.979,2791.061,12,True
1790473294.928046,565.141,202.148,2790.112,12,True
1790473294.960281,564.697,202.146,2789.466,12,True
1790473294.9840555,567.455,201.911,2789.567,12,True
1790473295.0145304,564.588,202.108,2788.948,12,True
1790473295.0404303,565.203,202.116,2789.484,12,True
1790473295.074702,567.653,202.047,2791.249,12,True
1790473295.098038,564.348,202.139,2789.244,12,True
1790473295.122712,563.993,202.143,2788.76,12,True
1790473295.1559074,566.267,202.099,2790.715,12,True
1790473295.1778574,563.971,202.095,2788.545,12,True
1790473295.2146192,566.791,201.943,2789.273,12,True
1790473295.235741,568.674,201.943,2791.168,12,True
1790473295.2601302,563.519,202.216,2789.078,12,True
1790473295.2967901,567.486,202.135,2792.535,12,True
1790473295.32449,566.935,201.977,2790.276,12,True
1790473295.3512166,566.499,202.236,2792.388,12,True
1790473295.3791819,566.88,202.16,2792.282,12,True
1790473295.402581,564.282,202.256,2790.62,12,True
1790473295.4489152,564.411,202.203,2790.159,12,True
1790473295.4641566,565.574,202.148,2790.439,12,True
1790473295.4777677,563.889,202.193,2788.996,12,True
1790473295.5147655,565.629,202.155,2790.795,12,True
1790473295.5427353,566.287,202.161,2791.633,12,True
1790473295.5658016,567.431,201.944,2790.038,12,True
1790473295.6217504,565.942,201.921,2788.248,12,True
1790473295.6364245,564.629,202.171,2789.978,12,True
1790473295.6498644,562.88,202.5,2791.231,12,True
1790473295.6777523,566.923,202.024,2790.77,12,True
1790473295.702105,564.377,202.119,2788.91,12,True
1790473295.7324674,567.033,201.917,2789.716,12,True
1790473295.7628872,567.511,202.025,2791.06,12,True
1790473295.7931976,565.798,202.068,2790.206,12,True
1790473295.8227243,564.76,202.149,2789.753,12,True
1790473295.849109,566.48,202.263,2792.537,12,True
1790473295.8801062,567.444,202.054,2791.667,12,True
1790473295.89852,565.263,202.096,2790.021,12,True
1790473295.9298608,566.266,202.155,2791.373,12,True
1790473295.9567401,566.009,202.161,2791.791,12,True
1790473295.9883056,565.914,202.084,2790.41,12,True
1790473296.020771,564.998,202.162,2791.904,12,True
1790473296.050862,567.294,202.21,2792.88,12,True
1790473296.0661876,567.209,201.92,2789.447,12,True
1790473296.0937839,567.046,202.004,2790.411,12,True
1790473296.130968,567.597,202.18,2793.91,12,True
1790473296.156711,567.09,202.08,2791.639,12,True
1790473296.23029,565.673,202.045,2789.301,12,True
1790473296.2387097,566.552,202.141,2791.598,12,True
1790473296.2469978,561.892,202.296,2789.087,12,True
1790473296.2545717,562.983,202.236,2790.406,12,True
1790473296.2874684,566.407,202.061,2789.934,12,True
1790473296.3655019,566.715,202.173,2791.916,12,True
1790473296.373059,572.426,202.18,2797.411,12,True
1790473296.379607,562.868,202.288,2789.089,12,True
1790473296.3977194,565.368,201.977,2788.363,12,True
1790473296.429724,568.441,202.027,2792.238,12,True
1790473296.4536226,568.135,201.941,2790.726,12,True
1790473296.4836574,565.621,202.068,2789.486,12,True
1790473296.5085716,567.123,202.004,2790.207,12,True
1790473296.5387752,569.43,201.964,2791.973,12,True
1790473296.5789254,567.384,202.171,2792.629,12,True
1790473296.5958688,567.807,201.91,2790.112,12,True
1790473296.6284447,567.415,202.042,2791.147,12,True
1790473296.6634173,571.764,201.919,2794.536,12,True
1790473296.6808457,567.356,201.998,2790.727,12,True
1790473296.7155719,567.348,202.109,2791.824,12,True
1790473296.7379756,568.874,201.844,2790.299,12,True
1790473296.7647378,569.422,201.762,2791.31,12,True
1790473296.796858,567.294,202.099,2791.586,12,True
1790473296.8237107,569.281,202.021,2792.93,12,True
1790473296.8551395,568.986,202.101,2794.532,12,True
1790473296.8775399,571.754,201.765,2793.163,12,True
1790473296.9042032,566.288,202.346,2793.765,12,True
1790473296.931445,566.371,201.97,2789.379,12,True
1790473296.9635096,568.924,201.828,2790.405,12,True
1790473296.9863567,564.855,202.181,2790.39,12,True
1790473297.0185165,612.575,198.008,2793.056,12,True
1790473297.038176,592.131,199.622,2789.013,12,True
1790473297.065343,570.814,201.654,2789.999,12,True
1790473297.100685,565.567,202.18,2790.841,12,True
1790473297.1266751,566.179,202.021,2790.214,12,True
1790473297.151373,567.359,201.876,2789.254,12,True
1790473297.1814964,565.103,202.082,2789.213,12,True
1790473297.2186265,569.072,202.132,2793.966,12,True
1790473297.2339442,564.539,202.233,2791.136,12,True
1790473297.267109,566.737,202.122,2791.795,12,True
1790473297.3023086,569.824,202.159,2795.459,12,True
1790473297.320738,566.074,202.095,2790.649,12,True
1790473297.3498056,564.973,202.174,2790.045,12,True
1790473297.3713546,565.326,202.062,2789.752,12,True
1790473297.4357693,567.237,202.19,2792.997,12,True
1790473297.4466698,569.91,202.133,2794.889,12,True
1790473297.4665754,565.106,202.323,2791.622,12,True
1790473297.5071929,569.388,202.189,2795.208,12,True
1790473297.5321665,569.49,201.879,2791.58,12,True
1790473297.5470757,566.311,201.83,2787.314,12,True
1790473297.6383176,570.337,201.915,2792.859,12,True
1790473297.6422052,569.75,202.182,2795.527,12,True
1790473297.647897,569.8,202.671,2799.265,12,True
1790473297.6696393,562.711,202.911,2798.086,12,True
1790473297.688259,567.323,201.96,2790.248,12,True
1790473297.718878,565.515,202.155,2790.557,12,True
1790473297.7507105,567.202,201.972,2790.118,12,True
1790473297.775006,566.187,202.071,2790.622,12,True
1790473297.804846,563.964,202.261,2790.088,12,True
1790473297.8300557,565.835,202.035,2789.362,12,True
1790473297.8657484,566.957,202.037,2790.798,12,True
1790473297.8879073,564.05,202.199,2789.634,12,True
1790473297.9120166,563.994,202.106,2789.08,12,True
1790473297.948779,568.055,202.093,2792.571,12,True
1790473297.9674795,566.68,201.939,2789.368,12,True
1790473298.0080729,567.548,202.093,2793.165,12,True
1790473298.0307133,569.348,202.184,2794.706,12,True
1790473298.0492892,564.829,202.093,2788.915,12,True
1790473298.088279,566.963,202.08,2791.141,12,True
1790473298.117441,569.471,201.989,2792.622,12,True
1790473298.1423006,567.532,202.014,2790.768,12,True
1790473298.173015,569.205,202.064,2793.507,12,True
1790473298.195599,566.589,202.233,2792.62,12,True
1790473298.2400239,567.622,201.966,2790.802,12,True
1790473298.2560441,566.796,202.11,2791.656,12,True
1790473298.2701552,564.307,202.343,2792.184,12,True
1790473298.3055654,565.893,202.125,2790.503,12,True
1790473298.33672,569.133,202.127,2793.604,12,True
1790473298.356792,567.068,202.023,2790.7,12,True
1790473298.4141524,567.248,202.139,2792.087,12,True
1790473298.4281933,566.5,202.155,2791.539,12,True
1790473298.4389672,563.58,202.19,2788.888,12,True
1790473298.4700859,570.45,201.835,2791.913,12,True
1790473298.492391,566.184,202.043,2789.968,12,True
1790473298.5249078,566.238,202.187,2792.123,12,True
1790473298.5542142,565.35,202.175,2790.818,12,True
1790473298.5852168,566.882,202.103,2791.603,12,True
1790473298.6141927,571.132,201.68,2791.086,12,True
1790473298.6391737,565.972,202.069,2789.681,12,True
1790473298.6714044,565.689,202.13,2790.956,12,True
1790473298.6891935,566.387,202.072,2790.394,12,True
1790473298.7228153,565.816,202.328,2792.648,12,True
1790473298.7474844,565.605,202.171,2790.456,12,True
1790473298.781734,566.413,202.286,2793.137,12,True
1790473298.8180552,570.836,202.045,2797.009,12,True
1790473298.8416588,567.403,201.989,2790.406,12,True
1790473298.8545134,564.736,202.052,2788.096,12,True
1790473298.883182,566.57,201.953,2789.051,12,True
1790473298.9247282,567.576,202.121,2793.409,12,True
1790473298.9479055,566.941,202.065,2790.916,12,True
1790473299.0235274,568.129,202.128,2792.942,12,True
1790473299.041051,576.175,202.222,2802.091,12,True
1790473299.0514224,581.156,201.963,2803.922,12,True
1790473299.0611567,582.822,202.063,2806.349,12,True
1790473299.0771487,566.187,202.021,2789.394,12,True
1790473299.155207,567.076,201.885,2789.275,12,True
1790473299.1702504,571.057,202.235,2797.016,12,True
1790473299.186044,576.515,202.397,2806.182,12,True
1790473299.1875181,567.254,202.018,2789.585,12,True
1790473299.2210011,569.384,201.817,2790.979,12,True
1790473299.2444227,566.225,202.093,2790.523,12,True
1790473299.2748795,566.511,202.113,2790.936,12,True
1790473299.2969925,562.473,202.23,2788.15,12,True
1790473299.3279555,563.804,202.151,2788.929,12,True
1790473299.368362,565.068,202.059,2789.093,12,True
1790473299.3854287,568.187,201.795,2789.25,12,True
1790473299.4202452,566.561,202.14,2791.532,12,True
1790473299.4548306,567.377,202.022,2791.077,12,True
1790473299.4707391,563.738,202.219,2789.641,12,True
1790473299.508074,568.92,201.988,2792.2,12,True
1790473299.530805,567.159,202.168,2792.565,12,True
1790473299.5554657,569.726,201.727,2790.378,12,True
1790473299.5882773,564.634,202.098,2791.142,12,True
1790473299.6168606,568.881,202.058,2792.885,12,True
1790473299.6483707,568.859,201.987,2792.87,12,True
1790473299.667434,570.843,201.613,2789.613,12,True
1790473299.6978922,567.137,202.218,2793.372,12,True
1790473299.7245114,567.186,202.169,2792.767,12,True
1790473299.75537,566.317,202.158,2791.57,12,True
1790473299.7762592,565.146,202.08,2789.546,12,True
1790473299.8125665,569.291,202.067,2793.691,12,True
1790473299.831,565.688,202.305,2792.585,12,True
1790473299.8545022,565.144,202.056,2788.85,12,True
1790473299.8932047,570.28,201.835,2792.193,12,True
1790473299.9203765,569.135,201.957,2793.382,12,True
1790473299.9438865,568.717,201.983,2792.091,12,True
1790473299.973932,565.289,202.274,2792.138,12,True
1790473300.0211284,574.413,202.368,2802.105,12,True
1790473300.0263731,567.97,202.099,2792.138,12,True
1790473300.061153,569.814,202.013,2793.6,12,True
1790473300.0954463,566.259,202.252,2792.77,12,True
1790473300.1140847,568.67,202.103,2792.975,12,True
1790473300.1404705,565.576,202.112,2790.272,12,True
1790473300.1626186,566.201,202.092,2790.969,12,True
1790473300.2331536,574.077,201.932,2797.039,12,True
1790473300.2440891,574.375,201.938,2797.154,12,True
1790473300.25672,566.028,202.084,2789.948,12,True
1790473300.3029695,571.576,202.046,2795.442,12,True
1790473300.324575,569.005,201.905,2792.048,12,True
1790473300.3350158,563.811,202.058,2787.705,12,True
1790473300.4395282,576.418,202.068,2800.862,12,True
1790473300.4533446,587.459,202.045,2810.86,12,True
1790473300.4587898,588.094,201.957,2810.538,12,True
1790473300.4728782,578.164,202.137,2803.019,12,True
1790473300.4803033,568.936,201.967,2791.826,12,True
1790473300.5101361,566.773,202.04,2790.978,12,True
1790473300.5407495,567.399,201.924,2789.789,12,True
1790473300.5668092,568.666,201.917,2791.419,12,True
1790473300.598999,568.163,202.152,2793.849,12,True
1790473300.6254668,568.618,202.188,2795.146,12,True
1790473300.6580265,569.046,201.924,2791.9,12,True
1790473300.6783519,565.573,202.121,2790.185,12,True
1790473300.7042625,566.313,202.166,2791.892,12,True
1790473300.7450306,567.98,202.154,2795.959,12,True
1790473300.760792,569.025,202.014,2793.007,12,True
1790473300.8011203,568.66,202.001,2792.718,12,True
1790473300.8269365,569.772,202.252,2795.91,12,True
1790473300.843426,566.982,202.23,2793.883,12,True
1790473300.8792057,566.326,202.08,2790.48,12,True
1790473300.9080253,568.224,201.898,2790.331,12,True
1790473300.9329717,566.231,202.097,2790.402,12,True
1790473300.9658399,567.625,202.122,2792.517,12,True
1790473300.987815,565.894,202.201,2791.895,12,True
1790473301.0357213,566.493,202.15,2795.374,12,True
1790473301.0469956,567.166,202.048,2790.723,12,True
1790473301.0618763,567.493,202.104,2791.424,12,True
1790473301.0971298,565.253,202.235,2791.195,12,True
1790473301.1296103,567.385,202.167,2792.637,12,True
1790473301.1482291,569.359,201.882,2791.173,12,True
1790473301.2075465,566.894,202.246,2793.017,12,True
1790473301.2219849,567.904,202.175,2793.477,12,True
1790473301.242063,573.389,202.488,2802.768,12,True
1790473301.2628324,567.614,202.135,2792.437,12,True
1790473301.2834668,566.948,202.016,2790.71,12,True
1790473301.3157969,565.639,202.126,2790.56,12,True
1790473301.3467627,568.117,202.065,2792.184,12,True
1790473301.3770216,566.594,202.116,2791.377,12,True
1790473301.4074078,570.779,201.829,2792.903,12,True
1790473301.433118,567.474,202.181,2793.685,12,True
1790473301.4618912,566.761,202.007,2790.214,12,True
1790473301.4782724,568.265,201.792,2788.865,12,True
1790473301.5130434,564.87,202.163,2789.961,12,True
1790473301.5378304,564.075,202.19,2790.019,12,True
1790473301.5717187,566.069,202.008,2789.712,12,True
1790473301.608506,568.678,201.826,2790.198,12,True
1790473301.634581,568.212,202.116,2792.602,12,True
1790473301.6446607,567.426,201.932,2789.944,12,True
1790473301.6759224,566.599,202.222,2792.444,12,True
1790473301.715079,565.284,202.089,2789.982,12,True
1790473301.7380662,567.117,201.933,2789.886,12,True
1790473301.8142624,566.013,202.111,2790.481,12,True
1790473301.8342338,568.229,202.14,2792.882,12,True
1790473301.844842,571.832,201.88,2793.227,12,True
1790473301.8503933,565.671,202.052,2789.101,12,True
1790473301.8666446,566.15,202.035,2789.217,12,True
1790473301.9478495,570.597,201.857,2792.25,12,True
1790473301.9637423,568.168,202.073,2793.274,12,True
1790473301.981104,570.84,202.043,2794.782,12,True
1790473301.9828727,569.959,202.278,2795.086,12,True
1790473302.0133173,568.631,202.041,2791.999,12,True
1790473302.0367548,570.16,201.882,2792.05,12,True
1790473302.0660331,566.435,202.077,2790.729,12,True
1790473302.0863838,565.992,201.997,2789.04,12,True
1790473302.1218646,568.723,202.119,2793.593,12,True
1790473302.1596403,566.412,202.066,2790.995,12,True
1790473302.1759565,565.299,202.11,2790.252,12,True
1790473302.2134507,567.957,202.087,2792.824,12,True
1790473302.247595,567.612,202.051,2792.318,12,True
1790473302.2637017,565.435,202.339,2792.685,12,True
1790473302.3021755,568.581,202.158,2793.719,12,True
1790473302.3249469,567.885,202.142,2793.824,12,True
1790473302.3455274,566.831,201.979,2789.751,12,True
1790473302.379062,571.319,201.599,2790.503,12,True
1790473302.409596,568.955,202.011,2792.457,12,True
1790473302.4422045,572.224,201.816,2793.505,12,True
1790473302.464315,567.353,202.38,2796.614,12,True
1790473302.489198,568.989,201.902,2790.952,12,True
1790473302.517608,569.772,201.965,2792.793,12,True
1790473302.5467496,570.87,201.723,2791.051,12,True
1790473302.5689952,567.201,202.15,2792.349,12,True
1790473302.6064174,569.394,202.053,2793.528,12,True
1790473302.622902,566.323,202.104,2791.643,12,True
1790473302.6432533,564.427,202.071,2788.494,12,True
1790473302.6902962,572.3,202.081,2796.732,12,True
1790473302.7131298,567.004,202.16,2792.432,12,True
1790473302.7359397,567.28,202.095,2791.667,12,True
1790473302.7665186,568.106,202.043,2792.182,12,True
1790473302.8190422,573.968,201.949,2797.597,12,True
1790473302.829599,580.589,201.946,2802.969,12,True
1790473302.8527882,567.023,202.085,2791.278,12,True
1790473302.8917634,570.124,202.218,2795.968,12,True
1790473302.90704,569.469,202.003,2792.641,12,True
1790473302.9313886,567.247,202.02,2790.618,12,True
1790473302.9503856,565.22,201.943,2787.569,12,True
1790473303.0262873,570.146,201.951,2792.779,12,True
1790473303.0429015,571.69,202.282,2798.548,12,True
1790473303.0454247,565.535,202.012,2788.506,12,True
1790473303.0944924,566.311,202.137,2791.203,12,True
1790473303.1177866,567.635,202.15,2792.894,12,True
1790473303.1316812,574.394,201.903,2796.371,12,True
1790473303.2306778,566.595,202.101,2790.83,12,True
1790473303.2420382,565.218,202.036,2788.504,12,True
1790473303.2539206,576.547,201.581,2794.947,12,True
1790473303.2651718,572.31,201.742,2792.083,12,True
1790473303.2764678,567.544,202.53,2795.954,12,True
1790473303.2995033,565.508,202.065,2789.126,12,True
1790473303.366344,569.463,204.733,2825.344,12,True
1790473303.3673859,566.033,202.926,2800.309,12,True
1790473303.3913558,568.255,202.025,2791.992,12,True
1790473303.4179068,567.769,202.106,2792.187,12,True
1790473303.4512866,571.552,201.839,2792.869,12,True
1790473303.4686072,566.903,201.993,2789.926,12,True
1790473303.4982634,570.369,201.958,2793.684,12,True
1790473303.5363288,566.668,202.106,2790.991,12,True
1790473303.5505521,567.7,201.88,2789.481,12,True
1790473303.594718,567.651,202.133,2793.116,12,True
1790473303.619238,568.421,201.969,2791.907,12,True
1790473303.6347556,566.547,202.129,2791.081,12,True
1790473303.6708632,566.944,202.11,2791.336,12,True
1790473303.6987936,565.151,202.173,2790.501,12,True
1790473303.7239199,565.397,202.18,2790.712,12,True
1790473303.757757,567.595,202.07,2791.583,12,True
1790473303.7800372,567.566,202.06,2791.921,12,True
1790473303.8305244,570.541,202.081,2794.516,12,True
1790473303.8421128,569.405,202.242,2794.856,12,True
1790473303.8499284,565.402,201.987,2787.832,12,True
1790473303.8877401,570.641,201.682,2790.269,12,True
1790473303.9207718,567.269,202.046,2790.87,12,True
1790473303.93708,568.459,201.737,2788.54,12,True
1790473304.001043,567.174,202.148,2793.19,12,True
1790473304.0163739,570.494,202.048,2794.152,12,True
1790473304.0325713,566.119,202.131,2790.215,12,True
1790473304.0520759,565.215,202.08,2788.842,12,True
1790473304.0735583,567.48,201.949,2789.761,12,True
1790473304.1064665,565.911,202.116,2790.35,12,True
1790473304.1401916,567.953,202.161,2793.138,12,True
1790473304.1681497,565.996,202.076,2790.749,12,True
1790473304.2018135,569.152,202.025,2794.077,12,True
1790473304.2280557,568.38,202.198,2794.593,12,True
1790473304.2494402,563.639,202.041,2787.295,12,True
1790473304.267365,563.456,202.21,2788.882,12,True
1790473304.3040328,566.221,202.11,2790.721,12,True
1790473304.328986,567.304,202.025,2790.863,12,True
1790473304.3630958,568.177,201.968,2791.088,12,True
1790473304.4022515,569.067,202.093,2793.433,12,True
1790473304.4280412,568.001,202.148,2793.151,12,True
1790473304.4443612,571.839,202.383,2799.388,12,True
1790473304.4725432,568.641,202.093,2796.263,12,True
1790473304.508966,569.693,202.05,2793.433,12,True
1790473304.5282238,565.537,202.08,2789.9,12,True
1790473304.6059563,568.142,201.952,2791.435,12,True
1790473304.6266706,566.615,201.984,2792.205,12,True
1790473304.633784,566.165,201.97,2788.735,12,True
1790473304.6428435,568.175,202.112,2792.287,12,True
1790473304.6540267,564.123,202.013,2787.162,12,True
1790473304.7389913,566.654,202.024,2790.757,12,True
1790473304.7578266,564.187,202.585,2793.781,12,True
1790473304.7723925,567.04,202.066,2790.99,12,True
1790473304.7781107,570.256,202.143,2794.887,12,True
1790473304.8033347,566.268,201.954,2789.765,12,True
1790473304.8254836,566.064,201.937,2788.485,12,True
1790473304.8561218,570.275,201.619,2789.823,12,True
1790473304.8765981,565.32,202.107,2789.964,12,True
1790473304.9145696,569.97,201.845,2792.408,12,True
1790473304.9513235,567.86,202.026,2791.268,12,True
1790473304.967043,571.452,201.665,2790.846,12,True
1790473305.0088155,571.532,201.988,2794.997,12,True
1790473305.0401096,567.703,202.085,2792.213,12,True
1790473305.0566351,564.79,202.428,2792.692,12,True
1790473305.0964227,568.712,202.093,2793.936,12,True
1790473305.1173277,569.373,201.929,2792.072,12,True
1790473305.1366909,567.032,202.022,2790.882,12,True
1790473305.1726816,567.403,202.178,2793.158,12,True
1790473305.204404,568.604,202.18,2794.5,12,True
1790473305.2355902,567.614,202.167,2793.021,12,True
1790473305.2547615,565.454,202.065,2790.176,12,True
1790473305.2818856,564.99,202.335,2792.401,12,True
1790473305.3085,564.903,202.166,2790.641,12,True
1790473305.3389275,566.51,202.163,2791.868,12,True
1790473305.359803,564.661,202.223,2790.492,12,True
1790473305.4002023,567.953,202.057,2793.278,12,True
1790473305.4201553,567.995,202.357,2797.024,12,True
1790473305.4365768,568.387,202.093,2793.029,12,True
1790473305.4862409,567.72,202.424,2795.618,12,True
1790473305.5055509,566.729,202.188,2792.092,12,True
1790473305.5264635,564.819,202.164,2790.216,12,True
1790473305.559471,596.723,199.384,2792.625,12,True
1790473305.611486,567.572,202.08,2791.871,12,True
1790473305.6221867,565.189,202.329,2792.353,12,True
1790473305.6422553,566.33,201.958,2789.213,12,True
1790473305.6852539,568.708,202.128,2793.183,12,True
1790473305.698759,565.76,202.182,2791.383,12,True
1790473305.720764,564.513,202.111,2789.054,12,True
1790473305.7394261,563.991,202.129,2788.745,12,True
1790473305.8200603,571.737,201.844,2793.461,12,True
1790473305.8316712,564.318,202.114,2788.437,12,True
1790473305.8360126,566.872,202.068,2790.391,12,True
1790473305.8835847,566.432,201.937,2788.832,12,True
1790473305.9090018,565.256,202.206,2790.936,12,True
1790473305.924744,563.664,202.481,2792.839,12,True
1790473306.0203297,565.118,202.07,2789.307,12,True
1790473306.0340981,565.118,202.26,2791.805,12,True
1790473306.0453217,565.191,202.223,2791.199,12,True
1790473306.0537336,562.84,202.211,2788.388,12,True
1790473306.0682716,564.036,202.365,2791.634,12,True
1790473306.0873232,562.777,202.176,2787.571,12,True
1790473306.1563442,564.37,202.175,2789.772,12,True
1790473306.158119,563.732,202.428,2790.511,12,True
1790473306.1816218,563.863,202.159,2790.081,12,True
1790473306.2102787,568.182,202.064,2792.09,12,True
1790473306.2413726,565.957,202.045,2789.806,12,True
1790473306.257597,564.598,202.103,2788.76,12,True
1790473306.2916584,565.084,202.245,2793.117,12,True
1790473306.3254864,564.253,202.079,2788.912,12,True
1790473306.3386738,565.138,201.993,2787.935,12,True
1790473306.3867733,567.861,202.077,2791.75,12,True
1790473306.4101982,566.798,202.065,2790.697,12,True
1790473306.425383,568.833,201.851,2790.426,12,True
1790473306.461778,567.528,201.973,2790.524,12,True
1790473306.4886043,570.223,201.645,2789.538,12,True
1790473306.5149598,565.059,202.21,2790.698,12,True
1790473306.54963,566.354,202.133,2791.485,12,True
1790473306.5712771,564.963,202.212,2790.866,12,True
1790473306.6205575,565.865,202.04,2789.779,12,True
1790473306.6344194,562.634,202.527,2792.058,12,True
1790473306.6407762,564.918,202.185,2790.668,12,True
1790473306.6765893,564.881,202.047,2788.586,12,True
1790473306.71008,564.799,202.062,2789.035,12,True
1790473306.7279017,565.971,202.11,2790.482,12,True
1790473306.7920403,563.774,202.32,2790.746,12,True
1790473306.809059,565.973,202.255,2792.459,12,True
1790473306.8214333,562.271,202.16,2788.663,12,True
1790473306.8408062,563.834,202.11,2788.497,12,True
1790473306.8622751,565.244,201.999,2788.478,12,True
1790473306.896545,565.885,202.045,2789.789,12,True
1790473306.9313135,565.525,202.137,2790.757,12,True
1790473306.9580522,565.14,202.108,2789.592,12,True
1790473306.9934351,565.463,202.175,2791.32,12,True
1790473307.0194542,564.013,202.297,2791.017,12,True
1790473307.0385463,563.72,202.202,2788.85,12,True
1790473307.057438,565.681,202.122,2789.814,12,True
1790473307.0959136,565.021,202.202,2791.592,12,True
1790473307.1200454,565.505,202.168,2790.728,12,True
1790473307.153857,564.467,202.166,2790.404,12,True
1790473307.1934512,566.356,202.118,2790.896,12,True
1790473307.221563,568.494,202.137,2793.19,12,True
1790473307.2350876,568.459,201.9,2790.472,12,True
1790473307.263634,565.165,202.212,2790.814,12,True
1790473307.3001873,566.199,202.139,2790.963,12,True
1790473307.3185384,566.968,201.972,2789.641,12,True
1790473307.3970177,568.217,201.933,2790.785,12,True
1790473307.4183402,566.171,202.197,2791.434,12,True
1790473307.4309971,572.136,202.071,2797.038,12,True
1790473307.4337444,568.258,201.94,2790.7,12,True
1790473307.4481413,567.679,202.246,2793.923,12,True
1790473307.5295634,565.975,202.082,2790.207,12,True
1790473307.547667,565.124,202.076,2789.548,12,True
1790473307.5642474,567.968,201.991,2791.574,12,True
1790473307.5710003,567.104,202.195,2792.712,12,True
1790473307.5932753,568.094,201.881,2789.701,12,True
1790473307.617684,567.308,202.166,2791.956,12,True
1790473307.6455626,565.79,202.017,2789.171,12,True
1790473307.6644032,564.951,201.994,2787.557,12,True
1790473307.7042537,567.264,201.877,2789.435,12,True
1790473307.740556,566.199,201.986,2788.999,12,True
1790473307.756991,564.466,202.19,2789.648,12,True
1790473307.805088,570.593,202.19,2795.9,12,True
1790473307.833288,567.005,202.237,2792.889,12,True
1790473307.8469927,566.642,202.045,2790.062,12,True
1790473307.888181,567.158,202.065,2791.444,12,True
1790473307.9076166,569.051,201.794,2789.932,12,True
1790473307.928066,566.936,202.017,2791.062,12,True
1790473307.964792,567.892,202.041,2791.782,12,True
1790473307.9986525,570.796,201.968,2793.944,12,True
1790473308.0276628,567.573,202.08,2791.661,12,True
1790473308.0446935,566.965,201.989,2789.624,12,True
1790473308.0731924,565.586,202.195,2790.98,12,True
1790473308.1008532,569.357,201.951,2791.969,12,True
1790473308.1307838,567.162,202.023,2791.439,12,True
1790473308.1496444,565.944,202.046,2789.478,12,True
1790473308.193169,569.044,202.035,2792.637,12,True
1790473308.2133605,569.739,201.966,2792.951,12,True
1790473308.2257447,565.272,202.093,2788.917,12,True
1790473308.277795,568.983,201.913,2791.224,12,True
1790473308.2954276,568.484,201.809,2789.51,12,True
1790473308.3154712,565.657,201.979,2788.716,12,True
1790473308.3514802,568.136,202.014,2791.652,12,True
1790473308.4060216,571.529,201.958,2794.18,12,True
1790473308.4174912,571.527,202.006,2795.075,12,True
1790473308.4375117,569.77,202.179,2794.953,12,True
1790473308.4775083,567.178,202.129,2791.956,12,True
1790473308.493084,565.501,202.398,2794.068,12,True
1790473308.5117283,566.634,202.064,2790.619,12,True
1790473308.5324867,568.371,202.111,2792.782,12,True
1790473308.61496,569.46,202.141,2794.56,12,True
1790473308.6251342,566.389,202.295,2793.241,12,True
1790473308.6282773,565.969,202.239,2792.051,12,True
1790473308.6761532,566.266,202.192,2792.271,12,True
1790473308.6993241,565.201,202.145,2789.959,12,True
1790473308.7146065,565.848,202.037,2789.632,12,True
1790473308.8159454,569.121,202.162,2795.298,12,True
1790473308.8290887,571.948,201.975,2794.763,12,True
1790473308.844671,576.629,201.841,2799.102,12,True
1790473308.8555691,582.535,201.652,2801.595,12,True
1790473308.862214,573.304,201.689,2793.726,12,True
1790473308.875854,564.134,202.099,2788.341,12,True
1790473308.95529,571.401,202.09,2796.825,12,True
1790473308.9569643,572.982,202.044,2800.319,12,True
1790473308.9749386,567.906,202.206,2793.083,12,True
1790473309.0010903,567.929,201.966,2790.528,12,True
1790473309.0315084,569.301,201.765,2789.819,12,True
1790473309.0467227,569.825,201.654,2788.894,12,True
1790473309.0812738,566.503,201.986,2789.349,12,True
1790473309.115962,565.981,202.099,2790.173,12,True
1790473309.1271734,565.043,202.031,2788.197,12,True
1790473309.1783817,566.999,202.129,2791.295,12,True
1790473309.2031004,569.163,202.027,2792.626,12,True
1790473309.2169518,564.044,202.32,2791.379,12,True
1790473309.2533622,564.649,202.262,2791.197,12,True
1790473309.2801914,566.891,202.081,2791.348,12,True
1790473309.3056524,566.729,202.03,2790.299,12,True
1790473309.342501,567.608,202.116,2792.535,12,True
1790473309.3641403,567.042,202.177,2792.47,12,True
1790473309.4124398,567.251,202.075,2791.573,12,True
1790473309.427032,568.456,202.106,2792.379,12,True
1790473309.4298313,567.44,201.876,2788.873,12,True
1790473309.4696555,566.896,202.249,2792.771,12,True
1790473309.502186,565.887,202.192,2791.747,12,True
1790473309.5185785,566.839,202.034,2790.378,12,True
1790473309.584625,568.395,202.066,2792.272,12,True
1790473309.6032164,572.251,201.868,2793.829,12,True
1790473309.6167674,572.772,201.958,2795.105,12,True
1790473309.6297069,565.504,202.026,2788.603,12,True
1790473309.6523488,567.799,201.909,2789.739,12,True
1790473309.688233,567.385,202.01,2791.417,12,True
1790473309.7243543,567.87,202.117,2792.738,12,True
1790473309.74892,565.413,202.189,2790.499,12,True
1790473309.7854636,568.275,202.032,2791.725,12,True
1790473309.8090181,566.938,201.967,2789.263,12,True
1790473309.8270524,563.812,202.144,2788.269,12,True
1790473309.846369,562.81,202.216,2788.668,12,True
1790473309.8874717,566.516,202.09,2790.934,12,True
1790473309.9115117,564.87,202.189,2791.183,12,True
1790473309.9461296,566.124,202.186,2791.916,12,True
1790473309.9868748,569.09,201.983,2793.126,12,True
1790473310.0123794,567.201,202.01,2790.349,12,True
1790473310.0285375,571.226,201.903,2793.177,12,True
1790473310.0554698,567.524,201.993,2791.528,12,True
1790473310.093987,569.437,201.994,2793.519,12,True
1790473310.1083415,565.753,202.027,2789.362,12,True
1790473310.1924212,569.63,202.105,2795.018,12,True
1790473310.2133086,564.981,202.547,2794.673,12,True
1790473310.2212493,569.357,201.814,2790.003,12,True
1790473310.2349806,575.7,202.164,2801.013,12,True
1790473310.2395883,566.616,202.118,2791.199,12,True
1790473310.320902,565.517,202.179,2790.965,12,True
1790473310.3389323,565.556,202.2,2790.919,12,True
1790473310.3535948,564.811,202.136,2789.061,12,True
1790473310.360359,565.571,202.08,2789.056,12,True
1790473310.3813255,565.168,201.958,2787.845,12,True
1790473310.408168,566.714,201.969,2790.252,12,True
1790473310.434779,564.556,202.124,2788.872,12,True
1790473310.4524891,563.218,202.13,2787.738,12,True
1790473310.495847,568.867,201.914,2791.314,12,True
1790473310.534974,565.8,202.298,2794.163,12,True
1790473310.5505052,568.629,202.135,2793.212,12,True
1790473310.597837,566.868,202.127,2792.465,12,True
1790473310.622715,565.35,202.084,2789.174,12,True
1790473310.6355355,566.944,201.846,2788.236,12,True
1790473310.6818428,568.649,202.141,2793.354,12,True
1790473310.6971369,566.609,201.957,2789.249,12,True
1790473310.7185419,566.432,202.017,2790.18,12,True
1790473310.7562008,568.969,201.888,2791.135,12,True
1790473310.789898,566.215,202.128,2790.946,12,True
1790473310.8200402,568.066,202.046,2792.053,12,True
1790473310.8352554,564.539,202.22,2790.296,12,True
1790473310.8607001,566.565,201.826,2787.325,12,True
1790473310.8944142,567.688,202.165,2793.15,12,True
1790473310.9222295,566.038,202.144,2791.094,12,True
1790473310.9404228,563.793,202.285,2790.498,12,True
1790473310.9861844,565.617,202.288,2792.691,12,True
1790473311.0041726,567.02,202.069,2790.566,12,True
1790473311.0136905,566.158,201.905,2787.818,12,True
1790473311.0672846,565.274,202.061,2789.24,12,True
1790473311.0846035,565.385,202.002,2788.841,12,True
1790473311.1054301,564.686,202.145,2789.668,12,True
1790473311.143251,565.189,202.232,2791.405,12,True
1790473311.2011197,570.184,202.089,2794.748,12,True
1790473311.2131248,568.907,202.256,2795.416,12,True
1790473311.2282455,565.414,202.137,2790.466,12,True
1790473311.2686372,566.449,202.107,2790.838,12,True
1790473311.2845678,566.957,202.098,2791.151,12,True
1790473311.3024356,566.851,202.065,2790.435,12,True
1790473311.3244462,565.9,202.246,2791.706,12,True
1790473311.4124126,571.999,202.115,2797.011,12,True
1790473311.422438,572.552,202.17,2797.033,12,True
1790473311.4273336,570.762,202.46,2798.819,12,True
1790473311.4708908,568.62,202.214,2794.396,12,True
1790473311.487852,567.649,201.776,2788.191,12,True
1790473311.5029068,567.208,201.808,2788.058,12,True
1790473311.6065884,566.061,202.096,2790.348,12,True
1790473311.6295228,567.015,202.821,2800.144,12,True
1790473311.6355133,569.149,201.86,2790.619,12,True
1790473311.717712,567.143,207.875,2861.872,12,True
1790473311.7187006,563.267,206.584,2842.693,12,True
1790473311.7188952,565.574,207.486,2856.519,12,True
1790473311.7489805,570.762,201.957,2793.384,12,True
1790473311.7503622,569.46,202.14,2793.072,12,True
1790473311.7677894,565.505,202.334,2792.627,12,True
1790473311.79139,565.742,202.077,2790.051,12,True
1790473311.8223057,567.098,201.942,2790.547,12,True
1790473311.836442,562.501,202.292,2789.462,12,True
1790473311.870304,564.4,202.074,2788.712,12,True
1790473311.9058743,565.051,202.116,2789.662,12,True
1790473311.9138,563.322,202.033,2786.43,12,True
1790473311.9700098,564.194,202.212,2791.334,12,True
1790473311.9953818,565.922,202.199,2791.979,12,True
1790473312.0119395,570.063,202.003,2794.681,12,True
1790473312.044776,566.159,202.141,2790.988,12,True
1790473312.075013,567.919,202.252,2794.503,12,True
1790473312.0961726,565.44,202.132,2790.177,12,True
1790473312.1343682,567.642,202.047,2791.555,12,True
1790473312.156485,566.123,202.204,2791.98,12,True
1790473312.2041087,566.248,202.105,2791.372,12,True
1790473312.2178102,566.173,202.141,2790.554,12,True
1790473312.2241006,569.718,202.083,2794.098,12,True
1790473312.2620192,564.961,202.329,2792.012,12,True
1790473312.2949052,569.7,201.917,2792.375,12,True
1790473312.3173025,567.724,202.554,2798.464,12,True
1790473312.3766572,565.608,202.228,2791.739,12,True
1790473312.3956716,566.073,202.212,2792.181,12,True
1790473312.407891,565.241,202.19,2790.876,12,True
1790473312.4185383,565.477,202.028,2788.616,12,True
1790473312.4410048,563.542,202.122,2788.375,12,True
1790473312.4781258,568.423,201.795,2789.67,12,True
1790473312.5179892,566.75,202.267,2793.369,12,True
1790473312.540775,566.424,202.043,2791.544,12,True
1790473312.5775077,566.194,202.185,2791.728,12,True
1790473312.5999458,564.359,202.222,2790.691,12,True
1790473312.6174307,564.744,202.206,2790.151,12,True
1790473312.6392367,568.002,202.073,2792.415,12,True
1790473312.6797564,567.23,202.137,2791.957,12,True
1790473312.7013547,566.521,201.986,2789.499,12,True
1790473312.737526,566.908,202.093,2791.051,12,True
1790473312.779906,566.509,202.235,2792.748,12,True
1790473312.8037171,566.464,202.088,2790.995,12,True
1790473312.8179312,566.127,202.016,2789.131,12,True
1790473312.8457913,565.73,202.117,2790.034,12,True
1790473312.8841689,565.356,202.119,2789.855,12,True
1790473312.8987775,565.454,202.151,2790.183,12,True
1790473312.9879708,571.23,202.045,2795.187,12,True
1790473313.0060906,566.237,202.25,2792.48,12,True
1790473313.0119395,564.317,202.276,2790.508,12,True
1790473313.0264816,576.842,201.248,2791.184,12,True
1790473313.0338986,575.271,201.651,2794.09,12,True
1790473313.111914,566.108,202.077,2790.621,12,True
1790473313.1296377,567.274,201.952,2790.288,12,True
1790473313.1394932,563.855,201.91,2785.675,12,True
1790473313.1470344,563.427,202.031,2786.459,12,True
1790473313.1707919,566.013,201.988,2789.23,12,True
1790473313.1975915,566.068,201.971,2789.138,12,True
1790473313.2255912,567.155,202.007,2790.477,12,True
1790473313.24546,568.048,202.103,2792.731,12,True
1790473313.2889688,567.067,202.167,2792.73,12,True
1790473313.3284833,567.237,202.178,2793.071,12,True
1790473313.343787,567.234,202.235,2793.031,12,True
1790473313.3963814,573.529,202.085,2798.19,12,True
1790473313.4143329,564.438,202.284,2791.424,12,True
1790473313.4273653,568.451,201.978,2791.522,12,True
1790473313.4736114,564.629,202.328,2791.504,12,True
1790473313.4877348,566.518,202.052,2790.297,12,True
1790473313.5100622,567.073,202.085,2791.225,12,True
1790473313.5494142,569.501,201.963,2792.898,12,True
1790473313.5836158,568.105,202.098,2793.343,12,True
1790473313.6147485,567.364,202.282,2794.351,12,True
1790473313.628912,567.108,202.255,2793.335,12,True
1790473313.6504226,567.642,201.887,2789.513,12,True
1790473313.6872046,568.043,202.111,2792.427,12,True
1790473313.7127872,566.151,202.089,2790.252,12,True
1790473313.7336583,568.085,202.107,2792.837,12,True
1790473313.780107,567.466,202.238,2793.52,12,True
1790473313.7922409,563.494,202.101,2787.858,12,True
1790473313.8023827,563.26,202.153,2788.48,12,True
1790473313.8579533,568.902,201.841,2790.341,12,True
1790473313.8764307,626.013,196.752,2791.558,12,True
1790473313.8966608,608.794,198.142,2790.959,12,True
1790473313.9374056,577.698,201.332,2793.803,12,True
1790473313.9975097,572.337,201.993,2795.979,12,True
1790473314.0098734,572.182,202.136,2796.492,12,True
1790473314.0235388,572.037,202.031,2795.083,12,True
1790473314.0639267,566.816,202.328,2794.975,12,True
1790473314.0761385,565.259,202.282,2791.366,12,True
1790473314.0929754,569.806,201.739,2790.304,12,True
1790473314.1156647,565.027,202.156,2790.985,12,True
1790473314.20502,572.611,201.669,2792.317,12,True
1790473314.2168329,569.388,202.169,2794.176,12,True
1790473314.2220705,570.374,202.102,2794.562,12,True
1790473314.264142,567.665,202.114,2792.827,12,True
1790473314.2759688,562.885,202.137,2787.943,12,True
1790473314.2933629,568.17,201.89,2790.216,12,True
1790473314.401194,569.277,202.151,2794.255,12,True
1790473314.4199872,566.27,202.034,2789.995,12,True
1790473314.4255493,565.87,202.078,2789.854,12,True
1790473314.5113957,569.44,201.897,2791.586,12,True
1790473314.5192523,578.006,201.878,2800.099,12,True
1790473314.5223126,579.051,202.182,2804.4,12,True
1790473314.546037,569.787,202.36,2796.819,12,True
1790473314.549503,574.097,202.154,2798.83,12,True
1790473314.5623357,569.771,202.114,2794.299,12,True
1790473314.5836787,569.893,201.929,2792.012,12,True
1790473314.6121013,564.591,202.127,2789.524,12,True
1790473314.6345081,567.715,202.538,2797.8,12,True
1790473314.6645482,568.141,202.212,2793.842,12,True
1790473314.6976824,566.364,202.156,2791.494,12,True
1790473314.7057269,565.812,202.173,2791.727,12,True
1790473314.764395,568.995,202.118,2793.978,12,True
1790473314.7922776,570.132,202.005,2796.592,12,True
1790473314.8014688,567.277,201.9,2789.252,12,True
1790473314.8368757,565.844,202.193,2791.717,12,True
1790473314.866797,566.538,202.012,2791.391,12,True
1790473314.8885884,565.005,202.286,2792.15,12,True
1790473314.925361,568.32,201.931,2790.697,12,True
1790473314.9504735,567.42,202.231,2793.618,12,True
1790473314.9957416,567.142,202.084,2791.352,12,True
1790473315.00797,566.074,202.072,2789.924,12,True
1790473315.0136144,568.291,201.859,2789.322,12,True
1790473315.0523057,565.493,202.125,2789.907,12,True
1790473315.0883691,568.335,202.097,2793.051,12,True
1790473315.107963,568.156,201.913,2790.396,12,True
1790473315.1705031,568.813,202.138,2793.54,12,True
1790473315.1923988,572.051,202.112,2796.464,12,True
1790473315.2056365,571.803,202.247,2797.52,12,True
1790473315.2077646,565.185,202.112,2789.078,12,True
1790473315.2327454,568.086,201.96,2791.472,12,True
1790473315.2699256,565.678,202.165,2791.513,12,True
1790473315.3122768,566.285,202.37,2793.934,12,True
1790473315.3334446,565.717,202.31,2792.366,12,True
1790473315.372982,570.151,202.108,2795.135,12,True
1790473315.3945787,572.089,201.946,2794.333,12,True
1790473315.4144292,564.932,202.534,2796.788,12,True
1790473315.433568,571.388,201.935,2793.994,12,True
1790473315.4712443,567.108,202.03,2791.102,12,True
1790473315.491404,566.032,202.029,2789.743,12,True
1790473315.5308294,568.806,202.068,2793.006,12,True
1790473315.5744932,566.628,202.195,2794.283,12,True
1790473315.5940332,566.369,202.031,2790.051,12,True
1790473315.6048985,562.214,202.141,2786.771,12,True
1790473315.6366112,565.464,202.132,2790.546,12,True
1790473315.6744645,567.778,201.902,2790.011,12,True
1790473315.689574,567.434,201.994,2790.542,12,True
1790473315.7798038,568.726,201.94,2791.531,12,True
1790473315.802148,569.911,202.204,2795.716,12,True
1790473315.8066933,570.441,202.068,2794.496,12,True
1790473315.815378,564.926,202.084,2788.704,12,True
1790473315.8280253,567.52,202.298,2793.909,12,True
1790473315.9061074,567.65,202.21,2793.762,12,True
1790473315.9235861,566.103,202.321,2793.693,12,True
1790473315.9268906,562.98,202.109,2787.215,12,True
1790473315.9400465,563.563,202.575,2792.813,12,True
1790473315.9624467,565.906,202.201,2791.377,12,True
1790473315.9883401,566.883,202.033,2790.441,12,True
1790473316.015812,564.549,202.157,2789.872,12,True
1790473316.0391984,570.763,201.943,2793.358,12,True
1790473316.0806363,566.917,202.089,2791.327,12,True
1790473316.1216774,566.933,202.208,2792.837,12,True
1790473316.137497,567.992,202.199,2793.455,12,True
1790473316.1889117,566.688,202.15,2792.15,12,True
1790473316.2060328,565.144,202.264,2791.504,12,True
1790473316.2167695,565.403,202.078,2789.178,12,True
1790473316.2634568,564.605,202.147,2789.502,12,True
1790473316.281713,572.68,201.783,2793.626,12,True
1790473316.3010647,567.755,201.991,2790.728,12,True
1790473316.3436625,568.24,202.182,2793.893,12,True
1790473316.37823,569.488,202.102,2794.324,12,True
1790473316.4051957,567.877,201.936,2790.165,12,True
1790473316.4186482,567.126,201.923,2789.409,12,True
1790473316.4427507,567.37,202.12,2792.026,12,True
1790473316.4801817,568.105,202.059,2792.699,12,True
1790473316.5024729,564.286,202.172,2789.415,12,True
1790473316.5254908,566.803,202.127,2791.519,12,True
1790473316.5745425,569.623,202.114,2794.157,12,True
1790473316.5928357,574.749,202.231,2800.278,12,True
1790473316.6027112,575.14,202.187,2800.039,12,True
1790473316.6516206,565.663,202.287,2793.408,12,True
1790473316.6672285,565.74,202.143,2790.477,12,True
1790473316.685991,565.42,202.077,2789.066,12,True
1790473316.7330399,567.192,202.248,2795.319,12,True
1790473316.7897832,568.224,201.957,2791.912,12,True
1790473316.79962,562.998,202.278,2789.526,12,True
1790473316.8135927,564.127,202.179,2789.92,12,True
1790473316.8563344,569.658,201.916,2792.148,12,True
1790473316.865381,564.838,202.104,2788.996,12,True
1790473316.8846087,568.2,201.97,2791.36,12,True
1790473316.9070935,566.392,202.117,2791.2,12,True
1790473316.9952757,567.366,201.937,2789.893,12,True
1790473317.0094984,568.384,202.128,2792.431,12,True
1790473317.0140343,571.676,201.764,2791.783,12,True
1790473317.0569754,564.815,202.405,2792.501,12,True
1790473317.0674968,567.671,202.024,2791.29,12,True
1790473317.0858562,567.09,202.176,2792.229,12,True
1790473317.1914706,564.428,202.2,2789.943,12,True
1790473317.214493,569.636,202.122,2794.242,12,True
1790473317.222955,571.971,202.175,2797.201,12,True
1790473317.3081148,572.468,202.055,2796.409,12,True
1790473317.3241706,578.943,202.121,2804.667,12,True
1790473317.3255954,576.227,202.199,2803.054,12,True
1790473317.3430393,568.332,202.202,2796.79,12,True
1790473317.3448887,571.108,202.156,2795.184,12,True
1790473317.3558974,565.555,202.436,2793.364,12,True
1790473317.3761067,564.504,202.271,2792.229,12,True
1790473317.4024148,567.289,201.948,2790.014,12,True
1790473317.4254146,569.42,201.825,2790.635,12,True
1790473317.4593773,567.396,202.265,2794.545,12,True
1790473317.4936469,573.809,201.848,2795.579,12,True
1790473317.5045075,571.737,202.199,2798.438,12,True
1790473317.5596757,570.323,202.131,2794.945,12,True
1790473317.5851147,568.116,202.089,2792.563,12,True
1790473317.5987656,573.423,202.059,2797.079,12,True
1790473317.628829,574.588,201.459,2791.582,12,True
1790473317.6585631,568.096,202.014,2791.477,12,True
1790473317.6788661,566.959,201.998,2789.914,12,True
1790473317.7172105,567.741,202.042,2791.572,12,True
1790473317.7427115,566.697,202.105,2791.923,12,True
1790473317.7904804,570.308,202.072,2794.42,12,True
1790473317.7952924,564.696,201.966,2787.13,12,True
1790473317.804707,564.561,202.305,2790.948,12,True
1790473317.8419232,565.073,202.111,2789.295,12,True
1790473317.8802094,564.227,202.241,2791.529,12,True
1790473317.90038,567.8,202.079,2792.131,12,True
1790473317.964348,567.695,202.231,2793.57,12,True
1790473317.9835176,566.433,202.122,2790.888,12,True
1790473317.9941168,564.653,202.069,2788.323,12,True
1790473317.9978268,566.568,202.031,2789.913,12,True
1790473318.022538,567.075,201.95,2789.512,12,True
1790473318.0641758,566.29,202.344,2793.939,12,True
1790473318.1047208,567.378,202.143,2792.063,12,True
1790473318.123473,566.376,202.022,2789.662,12,True
1790473318.1702306,574.285,201.877,2796.917,12,True
1790473318.1831837,563.123,202.174,2788.325,12,True
1790473318.2054517,565.337,202.188,2790.691,12,True
1790473318.2282536,567.729,202.236,2794.401,12,True
1790473318.2644289,569.306,201.965,2792.87,12,True
1790473318.2818503,566.533,202.057,2790.146,12,True
1790473318.3242223,568.319,202.087,2793.074,12,True
1790473318.3712246,570.917,202.186,2796.321,12,True
1790473318.3863761,568.686,202.029,2792.069,12,True
1790473318.4012947,571.699,202.137,2796.163,12,True
1790473318.4288764,570.081,201.847,2791.901,12,True
1790473318.466491,568.163,202.039,2791.752,12,True
1790473318.4860134,567.827,202.41,2796.196,12,True
1790473318.5712733,567.281,202.05,2791.18,12,True
1790473318.595333,569.195,202.07,2792.849,12,True
1790473318.601805,570.606,202.136,2794.919,12,True
1790473318.6053612,567.414,201.968,2789.824,12,True
1790473318.6146305,562.12,202.158,2786.391,12,True
1790473318.6987197,567.299,202.133,2792.268,12,True
1790473318.7149494,571.904,201.605,2791.125,12,True
1790473318.7258697,577.22,201.858,2798.76,12,True
1790473318.735089,569.39,202.168,2794.872,12,True
1790473318.7525852,565.809,202.078,2789.857,12,True
1790473318.7762046,564.297,202.05,2787.667,12,True
1790473318.8057775,565.041,202.134,2789.638,12,True
1790473318.831689,566.096,202.256,2792.209,12,True
1790473318.8725474,569.29,201.895,2791.611,12,True
1790473318.9139178,566.688,202.147,2791.893,12,True
1790473318.929153,567.349,202.074,2791.367,12,True
1790473318.978915,565.68,202.031,2789.712,12,True
1790473318.9940045,563.722,202.088,2787.796,12,True
1790473319.0024824,563.414,201.958,2785.522,12,True
1790473319.0539103,567.276,202.014,2790.213,12,True
1790473319.0724335,568.386,201.898,2790.439,12,True
1790473319.0893154,568.459,201.683,2788.024,12,True
1790473319.136249,567.109,202.166,2792.203,12,True
1790473319.1744027,571.473,202.107,2795.847,12,True
1790473319.194899,565.534,202.055,2789.455,12,True
1790473319.2125573,564.539,202.538,2793.707,12,True
1790473319.2343724,567.499,202.048,2791.311,12,True
1790473319.2737935,569.087,202.083,2793.309,12,True
1790473319.293765,571.153,201.692,2790.995,12,True
1790473319.3163443,567.386,201.985,2790.585,12,True
1790473319.366625,567.004,202.139,2791.846,12,True
1790473319.385395,564.781,202.371,2792.33,12,True
1790473319.3990145,568.917,202.276,2796.003,12,True
1790473319.4426656,566.577,202.086,2790.699,12,True
1790473319.4573567,566.236,201.95,2789.915,12,True
1790473319.4756668,565.12,202.095,2789.406,12,True
1790473319.525104,566.949,202.124,2791.673,12,True
1790473319.5855887,573.021,201.929,2795.491,12,True
1790473319.5973182,575.713,201.89,2797.452,12,True
1790473319.6048183,564.552,202.246,2791.053,12,True
1790473319.6474752,566.074,202.121,2790.772,12,True
1790473319.661236,569.18,202.272,2795.608,12,True
1790473319.6748955,567.966,201.915,2790.044,12,True
1790473319.6977763,567.511,201.951,2790.269,12,True
1790473319.7860475,565.57,202.153,2790.424,12,True
1790473319.7974446,563.912,202.083,2787.76,12,True
1790473319.80449,565.128,202.188,2790.245,12,True
1790473319.8484495,566.009,202.146,2791.11,12,True
1790473319.8628776,570.861,202.115,2795.139,12,True
1790473319.8768377,567.148,202.047,2790.729,12,True
1790473319.9826245,567.358,202.015,2790.861,12,True
1790473320.0086904,568.005,202.217,2793.798,12,True
1790473320.0183291,571.414,202.023,2795.143,12,True
1790473320.100288,568.637,202.018,2791.815,12,True
1790473320.1176054,569.531,202.032,2793.171,12,True
1790473320.1190944,568.493,202.239,2793.18,12,True
1790473320.1424005,567.886,202.719,2798.757,12,True
1790473320.1442223,571.322,202.457,2798.995,12,True
1790473320.2167501,572.253,207.967,2860.655,12,True
1790473320.226377,566.694,206.902,2850.051,12,True
1790473320.2272372,563.508,203.286,2801.629,12,True
1790473320.2273633,567.842,204.802,2824.697,12,True
1790473320.2478194,564.237,202.116,2788.228,12,True
1790473320.289305,571.581,202.061,2795.363,12,True
1790473320.2972436,569.629,201.977,2792.531,12,True
1790473320.3516133,568.124,202.036,2791.653,12,True
1790473320.3765528,567.652,202.001,2791.16,12,True
1790473320.386854,563.96,202.068,2787.92,12,True
1790473320.4167614,564.856,201.984,2787.668,12,True
1790473320.448969,566.728,202.022,2790.134,12,True
1790473320.4680357,564.18,202.097,2788.881,12,True
1790473320.5092733,566.124,202.224,2791.773,12,True
1790473320.5329945,565.4,202.135,2789.942,12,True
1790473320.5828803,567.393,202.02,2791.819,12,True
1790473320.5905252,569.729,202.145,2795.047,12,True
1790473320.593511,568.025,201.798,2788.663,12,True
1790473320.632364,565.053,202.162,2790.175,12,True
1790473320.6724336,565.835,202.24,2791.9,12,True
1790473320.690469,567.471,201.865,2789.776,12,True
1790473320.759963,570.735,202.116,2795.354,12,True
1790473320.7741714,565.797,202.038,2790.452,12,True
1790473320.786183,566.878,202.159,2791.873,12,True
1790473320.7900558,570.61,201.894,2792.044,12,True
1790473320.8131206,565.492,202.096,2790.324,12,True
1790473320.8550942,564.069,202.263,2790.648,12,True
1790473320.8962772,567.15,201.99,2791.292,12,True
1790473320.9125063,563.912,202.15,2788.667,12,True
1790473320.9607584,565.595,202.062,2790.263,12,True
1790473320.973279,566.485,202.018,2789.869,12,True
1790473320.9949987,564.12,202.138,2789.231,12,True
1790473321.0184662,565.376,202.127,2789.953,12,True
1790473321.0553827,565.414,202.095,2790.667,12,True
1790473321.0727856,565.029,202.042,2790.676,12,True
1790473321.1157675,567.336,202.078,2791.206,12,True
1790473321.1626086,568.026,201.996,2791.095,12,True
1790473321.1773207,566.217,202.045,2790.715,12,True
1790473321.189715,564.787,202.067,2788.221,12,True
1790473321.2196753,566.672,202.051,2790.516,12,True
1790473321.2566473,566.252,201.955,2789.89,12,True
1790473321.2759142,563.839,202.212,2789.666,12,True
1790473321.3627758,566.306,202.158,2791.253,12,True
1790473321.3847558,563.928,202.19,2789.197,12,True
1790473321.391702,565.154,202.117,2789.728,12,True
1790473321.3974676,566.011,202.266,2791.967,12,True
1790473321.402281,562.723,202.117,2787.479,12,True
1790473321.490911,566.988,202.138,2791.794,12,True
1790473321.5040812,566.075,201.975,2788.811,12,True
1790473321.5134327,563.734,202.071,2787.389,12,True
1790473321.5260909,564.291,202.297,2790.811,12,True
1790473321.5419097,564.843,202.078,2788.941,12,True
1790473321.5644813,563.95,201.995,2788.08,12,True
1790473321.5943918,564.596,202.027,2788.341,12,True
1790473321.6228888,568.435,201.931,2790.917,12,True
1790473321.663575,566.924,202.029,2790.753,12,True
1790473321.7063859,567.531,202.012,2792.115,12,True
1790473321.719502,566.998,201.935,2790.043,12,True
1790473321.7691429,565.425,202.094,2789.877,12,True
1790473321.7811913,563.893,202.006,2786.943,12,True
1790473321.7888932,562.8,202.044,2786.234,12,True
1790473321.8422806,562.202,202.241,2788.131,12,True
1790473321.86256,564.664,202.117,2789.903,12,True
1790473321.8792949,568.779,201.799,2789.734,12,True
1790473321.9295619,566.777,202.252,2792.983,12,True
1790473321.967389,568.929,202.051,2792.718,12,True
1790473321.9854233,566.975,201.986,2790.257,12,True
1790473322.0003614,563.345,202.086,2787.542,12,True
1790473322.0271904,568.361,202.05,2792.461,12,True
1790473322.0660148,567.44,202.101,2791.761,12,True
1790473322.084688,566.615,201.999,2790.642,12,True
1790473322.1076474,566.148,202.116,2790.963,12,True
1790473322.16191,570.795,202.097,2794.99,12,True
1790473322.1771293,563.879,202.425,2791.461,12,True
1790473322.1891117,566.44,202.048,2789.862,12,True
1790473322.233412,567.372,201.977,2790.468,12,True
1790473322.252248,566.174,202.391,2794.681,12,True
1790473322.26554,567.188,201.952,2789.619,12,True
1790473322.3156085,564.453,202.228,2790.222,12,True
1790473322.3756323,631.82,196.002,2789.766,12,True
1790473322.3908505,621.919,197.273,2793.256,12,True
1790473322.3994002,615.538,197.993,2794.379,12,True
1790473322.4370737,577.346,200.969,2789.32,12,True
1790473322.4510062,567.468,201.911,2789.539,12,True
1790473322.4640238,563.948,202.175,2788.862,12,True
1790473322.486733,564.429,202.088,2788.684,12,True
1790473322.5762408,566.706,202.0,2789.82,12,True
1790473322.5894063,566.372,202.201,2791.673,12,True
1790473322.5976853,569.74,202.076,2792.999,12,True
1790473322.6382525,564.929,202.113,2789.441,12,True
1790473322.6519606,565.017,202.078,2788.866,12,True
1790473322.6655757,565.479,202.007,2788.452,12,True
1790473322.7735217,565.666,202.159,2790.628,12,True
1790473322.8016808,567.847,202.159,2792.698,12,True
1790473322.8156755,573.627,202.022,2797.084,12,True
1790473322.8922462,568.644,201.947,2791.708,12,True
1790473322.9109714,567.794,202.184,2793.021,12,True
1790473322.9136,567.881,202.387,2794.192,12,True
1790473322.9320016,565.727,202.053,2789.366,12,True
1790473323.0129898,642.522,202.109,2868.101,12,True
1790473323.0168903,575.538,202.085,2799.949,12,True
1790473323.0210438,574.688,201.601,2793.009,12,True
1790473323.0233912,575.56,201.785,2795.913,12,True
1790473323.0269208,576.95,202.063,2800.413,12,True
1790473323.0360377,561.888,202.247,2788.031,12,True
1790473323.0815482,566.984,202.163,2791.989,12,True
1790473323.0967,568.2,202.082,2799.268,12,True
1790473323.1443105,566.841,202.203,2792.416,12,True
1790473323.1698284,569.823,201.978,2792.932,12,True
1790473323.1810555,569.686,202.091,2793.965,12,True
1790473323.2070806,565.984,202.081,2790.032,12,True
1790473323.238588,564.345,202.103,2789.369,12,True
1790473323.2582238,563.682,202.249,2789.907,12,True
1790473323.2997608,565.326,202.141,2790.203,12,True
1790473323.3222744,565.139,202.059,2788.969,12,True
1790473323.3760679,568.446,202.116,2792.933,12,True
1790473323.3848724,568.905,202.114,2794.14,12,True
1790473323.386128,566.592,202.146,2792.446,12,True
1790473323.4212809,564.561,202.071,2788.646,12,True
1790473323.4619496,564.32,202.152,2789.173,12,True
1790473323.480375,564.297,202.176,2789.6,12,True
1790473323.548757,564.201,202.085,2788.505,12,True
1790473323.5651443,567.082,202.009,2790.686,12,True
1790473323.57474,564.523,202.039,2788.402,12,True
1790473323.5802963,564.521,202.229,2790.107,12,True
1790473323.6012442,564.355,202.049,2787.871,12,True
1790473323.644209,563.461,202.179,2788.744,12,True
1790473323.6862643,564.49,202.178,2789.707,12,True
1790473323.7032058,564.712,202.214,2790.373,12,True
1790473323.750058,564.558,202.109,2789.019,12,True
1790473323.7634602,563.647,202.193,2789.962,12,True
1790473323.7850757,563.481,202.247,2789.778,12,True
1790473323.8089266,565.169,202.169,2790.137,12,True
1790473323.8460162,565.799,202.101,2790.275,12,True
1790473323.8675945,564.171,202.377,2794.569,12,True
1790473323.9061377,564.064,202.254,2790.123,12,True
1790473323.9525397,566.592,201.936,2789.672,12,True
1790473323.967674,564.124,202.265,2790.091,12,True
1790473323.9787414,563.279,202.063,2788.82,12,True
1790473324.0118036,566.182,202.2,2791.774,12,True
1790473324.0458062,564.843,202.06,2788.88,12,True
1790473324.067517,567.712,202.05,2791.343,12,True
1790473324.1520963,568.443,201.768,2789.054,12,True
1790473324.1761653,565.896,202.174,2791.155,12,True
1790473324.1852992,569.81,202.044,2793.41,12,True
1790473324.1924195,572.144,201.983,2794.807,12,True
1790473324.1949215,568.2,202.06,2792.493,12,True
1790473324.283046,566.733,202.093,2791.627,12,True
1790473324.2939682,564.071,202.181,2789.635,12,True
1790473324.3024645,564.909,202.105,2788.799,12,True
1790473324.311456,563.971,201.883,2785.225,12,True
1790473324.329538,562.976,202.112,2787.39,12,True
1790473324.3534997,564.486,202.106,2788.796,12,True
1790473324.38391,565.624,202.033,2789.259,12,True
1790473324.4149652,567.04,202.05,2791.776,12,True
1790473324.4534805,565.126,202.134,2789.617,12,True
1790473324.4960175,564.019,202.203,2789.35,12,True
1790473324.5085225,564.352,202.051,2788.727,12,True
1790473324.5581017,564.178,202.117,2788.61,12,True
1790473324.5711384,567.102,201.962,2789.705,12,True
1790473324.5844243,569.302,202.306,2795.343,12,True
1790473324.6338322,565.667,202.174,2791.212,12,True
1790473324.6592877,567.917,202.394,2796.448,12,True
1790473324.6734474,567.189,202.242,2793.906,12,True
1790473324.7200105,568.202,201.852,2790.155,12,True
1790473324.7598908,566.243,202.165,2792.043,12,True
1790473324.777453,567.832,201.947,2791.75,12,True
1790473324.7941847,565.003,202.432,2793.537,12,True
1790473324.8193552,567.274,202.027,2791.874,12,True
1790473324.8566053,566.998,201.999,2790.266,12,True
1790473324.874189,565.659,202.041,2789.218,12,True
1790473324.9002943,566.239,202.228,2792.354,12,True
1790473324.9552608,568.765,202.079,2792.956,12,True
1790473324.9681182,564.267,202.217,2790.74,12,True
1790473324.9786344,566.301,202.013,2789.345,12,True
1790473325.024693,565.644,202.066,2790.948,12,True
1790473325.0405781,564.21,202.092,2788.083,12,True
1790473325.0541043,564.487,202.08,2788.303,12,True
1790473325.1048832,564.321,202.125,2788.939,12,True
1790473325.166079,566.325,202.044,2790.102,12,True
1790473325.182251,566.826,202.127,2791.163,12,True
1790473325.1941173,568.005,202.348,2794.541,12,True
1790473325.2265127,564.967,202.1,2789.138,12,True
1790473325.2417371,566.857,201.968,2790.415,12,True
1790473325.2534444,568.549,201.795,2789.191,12,True
1790473325.280936,566.604,202.333,2793.865,12,True
1790473325.3660343,565.507,202.062,2789.518,12,True
1790473325.3827527,566.668,202.249,2793.077,12,True
1790473325.389441,564.975,202.307,2791.577,12,True
1790473325.4282045,566.302,202.023,2789.599,12,True
1790473325.4400246,564.98,201.981,2787.862,12,True
1790473325.453787,565.099,201.997,2787.938,12,True
1790473325.568708,567.017,202.371,2794.859,12,True
1790473325.591525,564.21,202.156,2789.525,12,True
1790473325.6043944,565.818,201.988,2788.53,12,True
1790473325.683349,567.001,202.021,2790.817,12,True
1790473325.705029,566.94,202.24,2793.488,12,True
1790473325.708193,570.14,202.069,2794.128,12,True
1790473325.7210307,565.236,202.046,2788.785,12,True
1790473325.805874,568.13,202.101,2792.564,12,True
1790473325.8098726,568.815,202.069,2792.733,12,True
1790473325.8231857,572.009,202.625,2801.957,12,True
1790473325.8252215,573.134,202.507,2801.693,12,True
1790473325.8310537,580.184,202.08,2804.006,12,True
1790473325.8349025,574.585,202.125,2798.691,12,True
1790473325.8722289,564.74,202.223,2790.387,12,True
1790473325.8854418,563.324,202.201,2788.565,12,True
1790473325.9352698,565.223,202.143,2790.577,12,True
1790473325.963034,569.85,201.974,2792.92,12,True
1790473325.9735928,570.044,201.902,2792.277,12,True
1790473325.9970734,566.399,201.999,2789.594,12,True
1790473326.029489,566.014,202.044,2790.6,12,True
1790473326.0482328,564.919,202.104,2789.735,12,True
1790473326.0913892,568.753,201.91,2791.26,12,True
1790473326.113239,564.94,202.179,2790.669,12,True
1790473326.1662502,565.958,202.058,2789.902,12,True
1790473326.1891413,573.596,202.625,2804.05,12,True
1790473326.1903567,573.112,202.629,2804.003,12,True
1790473326.2106385,564.591,202.143,2789.094,12,True
1790473326.251974,564.564,202.164,2789.683,12,True
1790473326.27387,567.741,202.173,2793.134,12,True
1790473326.3421938,565.654,202.211,2793.0,12,True
1790473326.3597293,567.757,202.255,2794.252,12,True
1790473326.3683114,569.795,202.003,2793.341,12,True
1790473326.3770008,568.415,202.383,2796.553,12,True
1790473326.3933427,565.443,202.269,2791.786,12,True
1790473326.437002,566.264,202.206,2792.504,12,True
1790473326.477056,566.084,202.107,2790.511,12,True
1790473326.4948041,566.064,202.184,2791.298,12,True
1790473326.5412269,564.778,202.149,2790.871,12,True
1790473326.5529366,567.357,201.868,2789.238,12,True
1790473326.577133,565.966,202.253,2791.788,12,True
1790473326.60196,565.469,202.179,2792.754,12,True
1790473326.6378226,567.501,202.051,2791.507,12,True
1790473326.6565042,564.496,202.09,2788.671,12,True
1790473326.6978447,566.208,202.155,2791.347,12,True
1790473326.7449756,568.186,202.001,2792.086,12,True
1790473326.762014,566.168,202.402,2794.11,12,True
1790473326.7666738,563.775,202.057,2787.772,12,True
1790473326.8030994,566.314,202.13,2790.975,12,True
1790473326.8362808,566.661,202.032,2790.198,12,True
1790473326.8583624,567.98,201.844,2790.583,12,True
1790473326.9450595,569.22,202.025,2792.681,12,True
1790473326.9704688,567.481,202.311,2794.025,12,True
1790473326.9802053,570.771,202.074,2794.707,12,True
1790473326.9837863,569.805,201.879,2791.231,12,True
1790473326.986315,567.789,202.07,2791.269,12,True
1790473327.0770876,568.413,202.135,2793.545,12,True
1790473327.0887425,568.94,202.194,2794.361,12,True
1790473327.0955749,565.142,202.042,2792.93,12,True
1790473327.0993996,563.992,202.008,2787.772,12,True
1790473327.1226423,567.197,202.273,2792.86,12,True
1790473327.1457584,565.728,202.144,2791.967,12,True
1790473327.1750724,567.376,202.011,2790.904,12,True
1790473327.2087939,565.007,202.346,2793.464,12,True
1790473327.2443035,565.425,202.148,2790.557,12,True
1790473327.28684,567.341,201.968,2790.492,12,True
1790473327.3034868,564.625,202.096,2794.641,12,True
1790473327.3483667,566.485,202.004,2789.987,12,True
1790473327.3644688,568.22,202.155,2793.089,12,True
1790473327.3761106,563.672,202.386,2791.497,12,True
1790473327.4291115,567.265,202.336,2794.944,12,True
1790473327.4517212,568.634,201.991,2792.138,12,True
1790473327.4617195,564.117,202.041,2788.064,12,True
1790473327.5097687,567.933,201.869,2789.492,12,True
1790473327.552697,569.892,201.961,2792.54,12,True
1790473327.570549,567.852,202.094,2792.847,12,True
1790473327.584516,566.901,202.041,2790.107,12,True
1790473327.6111948,567.547,202.051,2791.465,12,True
1790473327.648778,567.473,202.076,2791.898,12,True
1790473327.665644,566.838,202.082,2791.182,12,True
1790473327.6903522,564.986,202.087,2789.721,12,True
1790473327.7517176,571.281,202.13,2796.082,12,True
1790473327.7614021,566.092,202.32,2793.051,12,True
1790473327.768848,563.424,202.232,2790.015,12,True
1790473327.8155847,566.004,202.105,2790.609,12,True
1790473327.8314931,564.508,202.133,2790.659,12,True
1790473327.8419936,564.004,202.093,2787.676,12,True
1790473327.8946364,564.884,202.099,2789.404,12,True
1790473327.9607506,568.246,202.223,2794.367,12,True
1790473327.9736648,565.962,202.172,2791.151,12,True
1790473327.9833536,562.974,202.349,2789.019,12,True
1790473328.0178406,565.538,202.136,2791.032,12,True
1790473328.0342348,565.922,202.102,2792.227,12,True
1790473328.0427432,570.679,201.572,2789.12,12,True
1790473328.0753872,569.745,201.846,2794.121,12,True
1790473328.1602168,571.122,201.96,2793.858,12,True
1790473328.178587,570.69,202.171,2795.496,12,True
1790473328.1921213,575.647,202.284,2802.429,12,True
1790473328.2162797,565.944,201.853,2787.829,12,True
1790473328.228267,564.762,202.01,2788.019,12,True
1790473328.2421787,566.102,201.903,2788.023,12,True
1790473328.360629,569.003,201.941,2791.619,12,True
1790473328.3806896,563.95,202.157,2788.897,12,True
1790473328.3939831,563.421,202.27,2789.393,12,True
1790473328.4763758,570.152,201.915,2792.741,12,True
1790473328.4968767,570.34,201.787,2791.511,12,True
1790473328.5045323,572.834,201.978,2796.087,12,True
1790473328.5139484,566.842,202.26,2792.699,12,True
1790473328.59898,570.204,201.927,2792.815,12,True
1790473328.6067865,574.423,202.015,2796.656,12,True
1790473328.6224482,571.693,202.379,2799.068,12,True
1790473328.6252184,569.484,202.609,2799.806,12,True
1790473328.6278996,571.867,202.101,2796.642,12,True
1790473328.6344748,575.154,202.128,2799.419,12,True
1790473328.7234788,568.018,207.132,2850.983,12,True
1790473328.7245016,568.796,206.014,2838.833,12,True
1790473328.7273245,566.61,202.197,2791.786,12,True
1790473328.7573056,570.876,201.987,2793.906,12,True
1790473328.7703917,570.814,202.243,2796.573,12,True
1790473328.784735,564.577,202.001,2787.373,12,True
1790473328.820832,566.887,202.038,2791.067,12,True
1790473328.8434932,567.989,202.28,2794.969,12,True
1790473328.884387,566.245,202.267,2792.686,12,True
1790473328.9038405,565.719,202.114,2790.256,12,True
1790473328.9604309,571.018,201.938,2793.856,12,True
1790473328.9802217,570.1,201.732,2790.85,12,True
1790473328.9884806,572.794,201.86,2797.902,12,True
1790473329.001819,568.2,201.959,2790.934,12,True
1790473329.045623,567.361,202.235,2793.302,12,True
1790473329.0667386,568.003,202.131,2792.569,12,True
1790473329.1358962,566.719,202.263,2793.396,12,True
1790473329.1516705,568.698,201.997,2791.686,12,True
1790473329.162425,570.253,202.071,2793.768,12,True
1790473329.1686795,566.12,202.231,2791.534,12,True
1790473329.1882923,573.304,201.782,2794.627,12,True
1790473329.231232,567.603,202.253,2793.742,12,True
1790473329.272441,570.289,202.135,2795.086,12,True
1790473329.287761,568.079,202.118,2792.724,12,True
1790473329.3347294,575.274,201.544,2793.173,12,True
1790473329.351096,573.457,202.149,2797.925,12,True
1790473329.3674622,567.113,202.006,2790.11,12,True
1790473329.3932478,566.893,202.083,2791.011,12,True
1790473329.432579,572.595,201.713,2794.417,12,True
1790473329.4477994,566.833,202.078,2791.049,12,True
1790473329.488662,567.419,201.978,2790.455,12,True
1790473329.5369065,570.852,201.788,2791.654,12,True
1790473329.555687,568.355,202.144,2793.43,12,True
1790473329.565628,573.261,202.203,2798.671,12,True
1790473329.5929806,565.538,202.077,2789.545,12,True
1790473329.6270885,565.701,202.107,2790.522,12,True
1790473329.6512504,566.942,202.169,2792.521,12,True
1790473329.7394419,567.035,202.307,2794.032,12,True
1790473329.761986,567.082,202.11,2791.252,12,True
1790473329.770891,565.667,202.208,2790.503,12,True
1790473329.7734725,565.672,202.108,2789.55,12,True
1790473329.7804027,567.411,202.011,2793.943,12,True
1790473329.8754227,573.082,201.983,2797.919,12,True
1790473329.892926,578.907,202.094,2803.903,12,True
1790473329.9032483,583.114,201.946,2807.431,12,True
1790473329.9046466,579.794,202.027,2805.0,12,True
1790473329.9090214,563.654,201.977,2786.184,12,True
1790473329.9410238,570.517,202.09,2794.951,12,True
1790473329.9697156,569.156,202.073,2794.247,12,True
1790473330.0025322,567.631,202.202,2793.369,12,True
1790473330.0396771,568.477,202.279,2795.047,12,True
1790473330.0804,568.896,202.078,2793.247,12,True
1790473330.0942254,567.312,202.004,2790.479,12,True
1790473330.1432402,568.965,202.16,2794.425,12,True
1790473330.1641579,572.757,202.194,2799.442,12,True
1790473330.1737843,571.822,201.984,2797.422,12,True
1790473330.2221458,566.709,202.14,2792.662,12,True
1790473330.2433696,567.903,202.014,2791.308,12,True
1790473330.2595763,573.694,202.058,2797.589,12,True
1790473330.3035624,567.195,202.246,2793.444,12,True
1790473330.3451998,567.5,202.106,2792.254,12,True
1790473330.3605917,566.13,202.048,2789.813,12,True
1790473330.3750381,564.355,201.91,2790.298,12,True
1790473330.4044547,568.694,202.055,2792.932,12,True
1790473330.4414523,566.661,202.247,2792.389,12,True
1790473330.4573874,566.925,202.11,2791.431,12,True
1790473330.4827034,566.301,202.234,2792.033,12,True
1790473330.5466142,570.869,202.045,2794.603,12,True
1790473330.5596511,574.365,202.057,2798.037,12,True
1790473330.571852,579.178,202.08,2802.81,12,True
1790473330.6062286,567.647,201.948,2790.345,12,True
1790473330.6198692,564.74,202.064,2788.166,12,True
1790473330.6301434,563.414,202.058,2787.948,12,True
1790473330.686254,566.496,202.135,2791.214,12,True
1790473330.754445,565.664,202.375,2793.326,12,True
1790473330.7719421,569.476,202.441,2798.072,12,True
1790473330.773235,564.289,202.215,2788.725,12,True
1790473330.8114142,566.54,202.181,2793.18,12,True
1790473330.8262894,566.577,202.188,2791.801,12,True
1790473330.834802,567.923,202.035,2791.856,12,True
1790473330.8695571,573.741,201.601,2793.82,12,True
1790473330.9508467,566.326,202.058,2790.318,12,True
1790473330.969599,564.096,202.197,2790.742,12,True
1790473330.9823823,563.433,202.008,2790.079,12,True
1790473331.0078712,563.303,202.226,2791.334,12,True
1790473331.0184648,566.85,201.98,2789.989,12,True
1790473331.0299048,563.761,202.083,2787.488,12,True
1790473331.1529,565.627,202.282,2792.02,12,True
1790473331.1708117,564.103,202.228,2789.859,12,True
1790473331.189648,568.247,202.239,2795.411,12,True
1790473331.2694092,571.138,201.797,2792.675,12,True
1790473331.2914555,567.914,202.262,2794.208,12,True
1790473331.2988222,572.224,201.865,2794.054,12,True
1790473331.3053458,565.834,202.219,2791.248,12,True
1790473331.3904824,566.216,202.144,2791.089,12,True
1790473331.4014177,567.603,202.325,2794.414,12,True
1790473331.4198375,573.81,201.983,2797.187,12,True
1790473331.4209461,571.473,202.022,2795.555,12,True
1790473331.4356384,581.367,202.32,2807.569,12,True
1790473331.4367402,580.059,201.967,2802.115,12,True
1790473331.522899,569.394,202.328,2798.097,12,True
1790473331.5282996,572.754,202.548,2804.622,12,True
1790473331.5300283,572.868,202.311,2802.552,12,True
1790473331.548105,566.618,202.042,2790.581,12,True
1790473331.5588357,565.358,201.993,2788.163,12,True
1790473331.5745845,565.05,202.15,2789.628,12,True
1790473331.6121027,566.917,202.061,2790.908,12,True
1790473331.6331332,564.384,202.175,2789.381,12,True
1790473331.676759,566.701,202.124,2792.044,12,True
1790473331.6940315,564.352,202.172,2789.863,12,True
1790473331.754662,566.921,202.322,2793.952,12,True
1790473331.7777417,571.372,202.187,2797.141,12,True
1790473331.7868538,574.438,202.066,2798.141,12,True
1790473331.7960532,570.638,202.004,2793.997,12,True
1790473331.8373451,566.856,202.08,2791.361,12,True
1790473331.8587372,568.147,202.008,2791.71,12,True
1790473331.9285424,566.975,202.161,2792.334,12,True
1790473331.9473917,571.301,202.08,2795.411,12,True
1790473331.9578364,567.113,202.302,2795.247,12,True
1790473331.9600036,567.073,202.097,2791.184,12,True
1790473331.982677,568.577,202.19,2794.078,12,True
1790473332.024404,566.43,202.189,2792.827,12,True
1790473332.0641568,566.766,202.117,2791.348,12,True
1790473332.0811007,567.338,202.195,2793.094,12,True
1790473332.1260774,564.886,202.233,2791.059,12,True
1790473332.1385944,564.351,201.975,2787.265,12,True
1790473332.1616783,563.795,202.633,2793.955,12,True
1790473332.1834333,564.832,202.145,2789.931,12,True
1790473332.222872,567.392,201.914,2789.938,12,True
1790473332.237623,568.236,201.831,2789.584,12,True
1790473332.2799885,569.78,201.809,2791.046,12,True
1790473332.3294926,564.14,202.416,2792.348,12,True
1790473332.3481846,567.978,202.043,2792.16,12,True
1790473332.3608437,570.243,202.164,2794.937,12,True
1790473332.3840017,567.898,201.923,2790.788,12,True
1790473332.42252,569.982,202.049,2794.964,12,True
1790473332.4473548,566.892,202.365,2795.763,12,True
1790473332.534816,567.018,202.43,2795.019,12,True
1790473332.554234,564.408,202.397,2791.99,12,True
1790473332.5598629,565.064,202.047,2788.795,12,True
1790473332.567326,568.087,202.156,2793.697,12,True
1790473332.572683,566.274,202.232,2792.11,12,True
1790473332.6681597,567.331,202.152,2792.406,12,True
1790473332.6885152,571.77,201.976,2795.292,12,True
1790473332.6994414,569.946,202.074,2795.963,12,True
1790473332.707607,569.821,202.517,2802.767,12,True
1790473332.7093594,571.094,202.571,2800.151,12,True
1790473332.7343583,566.143,202.225,2793.04,12,True
1790473332.761328,567.578,202.056,2791.327,12,True
1790473332.7947543,567.996,202.082,2791.915,12,True
1790473332.8325477,567.981,201.976,2792.494,12,True
1790473332.8713803,566.108,202.117,2790.655,12,True
1790473332.8850117,568.375,201.906,2790.472,12,True
1790473332.936048,566.194,202.262,2792.5,12,True
1790473332.959534,571.185,202.057,2795.061,12,True
1790473332.9660432,569.855,201.951,2792.059,12,True
1790473333.0129128,565.92,202.09,2790.351,12,True
1790473333.0333195,566.755,201.961,2789.678,12,True
1790473333.0499976,567.953,201.902,2790.15,12,True
1790473333.0995638,567.882,202.36,2795.65,12,True
1790473333.1397157,569.852,202.086,2794.193,12,True
1790473333.1530018,568.876,202.047,2792.181,12,True
1790473333.1640532,566.178,201.991,2788.729,12,True
1790473333.1973712,568.229,202.079,2792.586,12,True
1790473333.2333128,567.875,201.928,2791.609,12,True
1790473333.2501895,568.849,202.028,2792.559,12,True
1790473333.2737007,564.921,202.21,2790.697,12,True
1790473333.339041,566.77,201.992,2792.148,12,True
1790473333.3514757,567.153,202.142,2791.536,12,True
1790473333.3619866,562.603,202.251,2789.914,12,True
1790473333.397539,567.46,202.02,2791.046,12,True
1790473333.407745,568.153,201.684,2787.683,12,True
1790473333.4190996,564.978,202.038,2788.662,12,True
1790473333.479269,566.774,202.219,2792.525,12,True
1790473333.545554,565.689,202.151,2790.711,12,True
1790473333.5627038,564.507,202.144,2790.554,12,True
1790473333.5652702,568.645,202.023,2791.869,12,True
1790473333.6027896,566.204,202.145,2791.078,12,True
1790473333.6216097,570.834,202.007,2795.059,12,True
1790473333.6374059,576.804,202.168,2802.299,12,True
1790473333.6613352,566.538,202.152,2791.435,12,True
1790473333.7448063,569.257,202.001,2793.661,12,True
1790473333.7611752,570.432,201.807,2791.33,12,True
1790473333.7747424,566.203,202.293,2792.163,12,True
1790473333.8033965,568.27,202.309,2795.216,12,True
1790473333.8121152,567.933,202.204,2793.433,12,True
1790473333.8217547,565.557,202.211,2791.674,12,True
1790473333.946506,568.692,202.045,2793.227,12,True
1790473333.964768,569.087,202.078,2793.671,12,True
1790473333.9806507,567.812,201.969,2790.717,12,True
1790473334.06147,569.347,201.881,2791.681,12,True
1790473334.0829606,568.901,201.905,2791.212,12,True
1790473334.0913603,567.969,202.108,2792.327,12,True
1790473334.0968158,567.09,202.097,2791.297,12,True
1790473334.186409,572.138,202.029,2795.536,12,True
1790473334.195017,573.15,201.74,2793.38,12,True
1790473334.212778,568.927,202.043,2792.747,12,True
1790473334.2134988,568.229,202.068,2792.324,12,True
1790473334.2237175,563.078,202.252,2787.942,12,True
1790473334.2252817,565.205,202.07,2788.433,12,True
1790473334.3175108,571.62,201.954,2794.335,12,True
1790473334.325771,572.295,202.156,2797.268,12,True
1790473334.3286269,573.346,202.093,2798.159,12,True
1790473334.3392377,564.743,202.104,2791.007,12,True
1790473334.3501246,568.974,201.955,2791.128,12,True
1790473334.3657026,569.862,201.821,2790.877,12,True
1790473334.4035969,567.049,202.08,2791.224,12,True
1790473334.4237926,565.02,202.201,2790.418,12,True
1790473334.4681427,567.834,201.95,2791.01,12,True
1790473334.485736,569.083,201.892,2791.366,12,True
1790473334.5454717,567.65,201.979,2790.497,12,True
1790473334.572158,572.081,201.75,2794.095,12,True
1790473334.583234,569.345,202.353,2796.172,12,True
1790473334.5910072,569.495,202.013,2794.714,12,True
1790473334.629282,566.966,202.143,2791.606,12,True
1790473334.6517632,568.273,202.083,2792.711,12,True
1790473334.7239172,568.241,202.302,2795.044,12,True
1790473334.7422357,569.882,202.145,2794.537,12,True
1790473334.7520304,570.449,201.985,2794.038,12,True
1790473334.7530107,569.75,201.925,2792.867,12,True
1790473334.775629,569.563,201.952,2792.692,12,True
1790473334.8145397,567.868,201.882,2789.778,12,True
1790473334.8571799,567.536,202.165,2792.736,12,True
1790473334.8719761,566.118,202.095,2790.563,12,True
1790473334.9229317,571.441,202.074,2796.553,12,True
1790473334.9369726,574.147,202.045,2798.139,12,True
1790473334.951334,566.19,202.057,2789.435,12,True
1790473334.9763145,570.339,201.931,2792.633,12,True
1790473335.014309,566.629,202.101,2791.114,12,True
1790473335.0290153,569.453,201.88,2791.157,12,True
1790473335.0694823,566.562,201.954,2789.146,12,True
1790473335.1223783,565.695,202.315,2792.597,12,True
1790473335.140988,568.885,201.891,2792.518,12,True
1790473335.1510618,566.363,202.064,2790.042,12,True
1790473335.1786888,570.864,202.016,2794.378,12,True
1790473335.2154253,568.048,202.118,2792.606,12,True
1790473335.2395136,567.491,201.97,2791.873,12,True
1790473335.3273797,566.802,202.198,2792.251,12,True
1790473335.3511884,573.03,202.019,2796.656,12,True
1790473335.3614414,581.56,201.738,2801.358,12,True
1790473335.3710997,579.544,202.102,2803.558,12,True
1790473335.3730295,577.254,202.005,2800.135,12,True
1790473335.4619217,566.624,202.296,2793.357,12,True
1790473335.4822505,569.561,202.04,2793.333,12,True
1790473335.4980822,575.711,201.973,2798.395,12,True
1790473335.5003853,568.912,202.055,2792.596,12,True
1790473335.5062768,572.017,202.19,2796.773,12,True
1790473335.5249133,566.519,202.037,2790.216,12,True
1790473335.5509214,566.027,202.037,2789.335,12,True
1790473335.5852041,571.512,201.597,2790.127,12,True
1790473335.6227834,566.58,202.002,2789.887,12,True
1790473335.6611924,565.087,202.104,2789.546,12,True
1790473335.6743696,567.345,201.89,2789.057,12,True
1790473335.7306793,567.935,202.115,2794.329,12,True
1790473335.7505052,566.729,202.074,2790.727,12,True
1790473335.7584088,566.479,202.22,2792.2,12,True
1790473335.8034103,565.68,202.114,2790.202,12,True
1790473335.8250356,566.17,202.163,2791.452,12,True
1790473335.8401372,567.211,201.958,2789.811,12,True
1790473335.8931751,568.311,202.129,2793.253,12,True
1790473335.9324305,566.138,202.225,2792.36,12,True
1790473335.9458797,563.693,202.126,2792.689,12,True
1790473335.951088,562.126,202.151,2786.818,12,True
1790473335.991098,566.769,202.168,2793.408,12,True
1790473336.027897,572.054,201.841,2794.219,12,True
1790473336.0448015,570.486,202.017,2794.409,12,True
1790473336.0674446,567.305,202.206,2793.433,12,True
1790473336.1302755,567.5,202.005,2790.886,12,True
1790473336.1429336,566.899,202.126,2791.24,12,True
1790473336.1562054,570.043,202.07,2793.987,12,True
1790473336.189843,569.68,201.909,2791.955,12,True
1790473336.2043118,569.887,202.276,2796.307,12,True
1790473336.2126358,574.061,201.653,2793.232,12,True
1790473336.272703,568.379,202.119,2793.111,12,True
1790473336.3372278,567.636,202.008,2791.296,12,True
1790473336.3538058,564.561,202.253,2790.85,12,True
1790473336.3586736,567.471,202.222,2793.186,12,True
1790473336.39463,566.806,202.117,2791.46,12,True
1790473336.4123719,566.148,202.08,2790.447,12,True
1790473336.4300191,567.708,202.114,2792.271,12,True
1790473336.4519882,565.673,202.126,2790.344,12,True
1790473336.5382001,567.092,202.163,2793.09,12,True
1790473336.5523467,572.07,201.622,2790.969,12,True
1790473336.56462,565.534,202.087,2789.698,12,True
1790473336.597929,568.773,202.149,2794.189,12,True
1790473336.6066525,568.902,202.148,2794.332,12,True
1790473336.6161563,566.176,202.43,2794.208,12,True
1790473336.7392268,571.016,201.769,2792.435,12,True
1790473336.7575183,568.512,202.043,2792.498,12,True
1790473336.770733,565.998,202.064,2789.803,12,True
1790473336.8530793,568.893,201.908,2791.29,12,True
1790473336.8727853,566.439,202.036,2789.467,12,True
1790473336.8861105,570.716,201.984,2794.503,12,True
1790473336.9000626,575.836,202.327,2803.026,12,True
1790473336.9776804,569.464,201.811,2790.945,12,True
1790473336.9920497,569.034,202.395,2796.707,12,True
1790473337.005431,565.258,202.205,2792.462,12,True
1790473337.006811,564.867,202.303,2793.143,12,True
1790473337.0126612,563.274,202.271,2788.796,12,True
1790473337.0146258,564.63,202.152,2789.151,12,True
1790473337.1103928,567.273,202.176,2792.562,12,True
1790473337.1289968,575.751,202.197,2803.01,12,True
1790473337.1305094,573.788,202.214,2801.679,12,True
1790473337.1379015,570.347,202.376,2798.481,12,True
1790473337.1413972,563.955,202.285,2791.106,12,True
1790473337.1650617,568.159,202.611,2799.093,12,True
1790473337.2014313,567.696,202.265,2797.52,12,True
1790473337.2169356,566.236,202.318,2792.819,12,True
1790473337.2613707,567.087,202.196,2792.878,12,True
1790473337.278179,565.556,202.24,2792.063,12,True
1790473337.3364637,567.69,201.962,2790.72,12,True
1790473337.3606894,565.116,201.991,2788.303,12,True
1790473337.3709388,565.093,201.972,2787.521,12,True
1790473337.4403455,564.797,207.089,2849.184,12,True
1790473337.4415147,565.815,203.942,2811.981,12,True
1790473337.4425147,565.624,202.262,2790.543,12,True
1790473337.5160227,568.006,202.04,2791.73,12,True
1790473337.5345166,568.172,201.947,2792.023,12,True
1790473337.5469294,572.124,201.984,2794.728,12,True
1790473337.5477698,571.938,202.034,2794.385,12,True
1790473337.5647845,565.353,202.054,2788.943,12,True
1790473337.6037822,566.478,201.919,2788.931,12,True
1790473337.6470048,565.442,202.089,2789.591,12,True
1790473337.6611574,564.654,202.115,2788.939,12,True
1790473337.7135544,566.342,202.083,2790.369,12,True
1790473337.7316089,564.245,202.551,2794.418,12,True
1790473337.7427177,562.609,202.475,2791.18,12,True
1790473337.7671063,565.838,202.12,2790.539,12,True
1790473337.8057582,565.042,202.237,2791.172,12,True
1790473337.8210018,567.749,202.031,2791.758,12,True
1790473337.8595097,570.205,201.644,2789.706,12,True
1790473337.9170616,567.898,202.115,2794.375,12,True
1790473337.9337409,568.056,202.112,2792.513,12,True
1790473337.9470787,572.866,202.007,2795.769,12,True
1790473337.9709284,569.396,201.938,2791.929,12,True
1790473338.0069861,565.313,202.2,2791.248,12,True
1790473338.0302436,566.056,202.077,2790.364,12,True
1790473338.1205986,567.421,202.145,2792.888,12,True
1790473338.143214,565.781,202.295,2791.824,12,True
1790473338.148295,564.15,201.967,2786.667,12,True
1790473338.1587067,563.721,202.089,2787.391,12,True
1790473338.1636832,568.475,201.929,2790.517,12,True
1790473338.2512941,567.589,201.856,2789.102,12,True
1790473338.273753,568.152,201.946,2791.206,12,True
1790473338.2881792,566.694,202.023,2789.909,12,True
1790473338.293085,568.636,202.109,2792.533,12,True
1790473338.2988837,568.828,202.083,2792.467,12,True
1790473338.3131735,564.709,202.047,2788.054,12,True
1790473338.3406017,564.988,202.133,2789.446,12,True
1790473338.3755429,568.563,201.853,2790.078,12,True
1790473338.4122627,564.794,202.127,2789.148,12,True
1790473338.4524698,566.506,202.068,2790.971,12,True
1790473338.4643724,564.14,202.204,2789.696,12,True
1790473338.5235548,567.901,202.134,2792.552,12,True
1790473338.544187,567.27,202.258,2793.453,12,True
1790473338.553437,571.694,201.974,2794.797,12,True
1790473338.595567,566.264,202.21,2791.88,12,True
1790473338.614,565.404,202.013,2788.659,12,True
1790473338.6292806,566.684,201.894,2788.892,12,True
1790473338.6863008,566.664,202.138,2792.814,12,True
1790473338.7250714,568.883,201.916,2792.344,12,True
1790473338.7487357,570.573,202.524,2802.587,12,True
1790473338.7525723,573.483,202.364,2801.208,12,True
1790473338.7824209,566.454,202.096,2790.935,12,True
1790473338.820165,571.966,201.692,2791.919,12,True
1790473338.8359957,569.334,201.841,2790.935,12,True
1790473338.8607137,569.019,202.016,2792.959,12,True
1790473338.9235332,567.049,202.169,2792.943,12,True
1790473338.943987,572.161,202.462,2800.789,12,True
1790473338.95196,566.717,202.451,2795.549,12,True
1790473338.9834914,569.051,202.032,2793.349,12,True
1790473338.9981198,567.317,202.175,2793.548,12,True
1790473339.0065408,568.241,202.189,2793.642,12,True
1790473339.0633252,566.337,202.053,2790.297,12,True
1790473339.127703,569.427,201.765,2790.122,12,True
1790473339.1475072,568.898,202.051,2793.463,12,True
1790473339.1532078,569.997,202.137,2794.324,12,True
1790473339.1847794,566.515,202.023,2789.864,12,True
1790473339.202946,567.045,202.033,2790.347,12,True
1790473339.2219725,567.573,202.079,2791.61,12,True
1790473339.2426069,569.414,201.816,2790.357,12,True
1790473339.3303723,565.811,202.16,2791.859,12,True
1790473339.348401,566.072,202.372,2795.846,12,True
1790473339.3531108,568.298,201.722,2788.32,12,True
1790473339.3903832,571.224,201.783,2792.118,12,True
1790473339.4036148,572.926,202.107,2796.74,12,True
1790473339.4130092,573.319,202.053,2796.641,12,True
1790473339.5315037,565.975,202.226,2792.022,12,True
1790473339.5469818,566.282,202.005,2789.21,12,True
1790473339.5608127,567.02,202.006,2789.876,12,True
1790473339.6430702,586.106,200.273,2789.746,12,True
1790473339.6611097,568.168,201.751,2788.106,12,True
1790473339.6748154,565.416,202.015,2788.344,12,True
1790473339.691749,568.662,201.994,2791.422,12,True
1790473339.7686422,568.044,201.99,2790.665,12,True
1790473339.7878287,573.635,201.901,2795.539,12,True
1790473339.8054564,577.212,201.978,2799.799,12,True
1790473339.8160915,580.358,202.021,2803.267,12,True
1790473339.8169742,585.466,202.028,2809.897,12,True
1790473339.8191636,581.369,202.026,2804.326,12,True
1790473339.9028876,566.203,202.21,2792.192,12,True
1790473339.937637,585.74,201.917,2808.304,12,True
1790473339.9441826,589.743,202.05,2813.388,12,True
1790473339.9522812,595.172,201.574,2814.121,12,True
1790473339.9614398,593.324,202.162,2819.694,12,True
1790473339.9634025,574.553,202.054,2798.205,12,True
1790473339.9919314,567.571,201.996,2790.24,12,True
1790473340.007613,567.275,202.042,2790.445,12,True
1790473340.0555143,567.749,202.135,2793.79,12,True
1790473340.0692816,566.244,202.129,2790.784,12,True
1790473340.1288493,567.684,202.082,2792.072,12,True
1790473340.1525621,570.065,201.807,2791.607,12,True
1790473340.1580942,563.91,201.984,2786.934,12,True
1790473340.2304094,568.54,201.808,2789.851,12,True
1790473340.240271,569.256,202.392,2798.536,12,True
1790473340.2420177,571.671,202.182,2799.12,12,True
1790473340.3075573,566.613,202.1,2791.218,12,True
1790473340.325809,566.885,202.074,2791.065,12,True
1790473340.3395708,566.595,202.094,2792.462,12,True
1790473340.3412192,566.184,202.195,2793.304,12,True
1790473340.3546476,573.455,201.326,2789.659,12,True
1790473340.39307,564.28,202.147,2789.023,12,True
1790473340.4365084,564.279,202.126,2789.228,12,True
1790473340.4516697,563.209,202.343,2790.234,12,True
1790473340.5053725,567.149,202.122,2791.548,12,True
1790473340.5342298,577.865,202.117,2802.313,12,True
1790473340.5424654,574.876,202.127,2799.511,12,True
1790473340.5598824,568.358,202.097,2792.413,12,True
1790473340.5984714,565.761,202.179,2792.393,12,True
1790473340.6135042,567.497,202.117,2792.19,12,True
1790473340.6504498,565.421,202.117,2790.579,12,True
1790473340.7103157,567.058,202.231,2792.936,12,True
1790473340.7270222,567.399,202.077,2793.0,12,True
1790473340.7356699,564.892,202.029,2788.324,12,True
1790473340.7629106,568.852,201.807,2791.614,12,True
1790473340.8000503,568.411,202.069,2792.653,12,True
1790473340.8228574,567.16,202.055,2792.318,12,True
1790473340.9123514,567.565,202.015,2791.376,12,True
1790473340.9324646,564.618,202.118,2789.059,12,True
1790473340.9381516,565.712,202.105,2789.711,12,True
1790473340.9454799,563.278,202.056,2786.59,12,True
1790473340.950788,563.003,202.124,2786.967,12,True
1790473341.04116,565.75,202.062,2789.539,12,True
1790473341.0662534,568.302,202.028,2792.142,12,True
1790473341.0819755,565.422,202.453,2793.576,12,True
1790473341.083671,569.112,201.904,2790.431,12,True
1790473341.0894434,564.122,202.298,2790.407,12,True
1790473341.103609,565.655,202.121,2790.263,12,True
1790473341.133193,568.755,202.033,2792.35,12,True
1790473341.166454,571.444,201.628,2790.596,12,True
1790473341.2041185,567.174,202.074,2791.58,12,True
1790473341.2428794,565.237,202.143,2790.157,12,True
1790473341.2576613,563.802,202.15,2792.992,12,True
1790473341.3158143,566.408,202.081,2791.964,12,True
1790473341.3377814,568.856,202.147,2793.349,12,True
1790473341.3479986,568.249,202.203,2794.325,12,True
1790473341.387224,567.988,202.041,2791.315,12,True
1790473341.404016,565.131,202.114,2789.733,12,True
1790473341.4202347,566.479,202.08,2790.655,12,True
1790473341.4812584,567.636,202.291,2794.597,12,True
1790473341.5183158,567.867,202.161,2792.919,12,True
1790473341.5402403,567.058,202.097,2791.095,12,True
1790473341.5515065,573.19,202.161,2798.707,12,True
1790473341.5725582,567.916,201.891,2789.863,12,True
1790473341.6108744,565.806,202.123,2790.405,12,True
1790473341.6270206,566.465,202.101,2790.761,12,True
1790473341.653006,566.394,202.115,2791.969,12,True
1790473341.7190351,570.91,202.104,2795.153,12,True
1790473341.7417104,573.33,202.088,2797.448,12,True
1790473341.7478275,571.118,202.218,2795.639,12,True
1790473341.7739682,565.462,202.14,2790.187,12,True
1790473341.7899292,567.221,202.116,2791.528,12,True
1790473341.801378,570.743,202.112,2794.633,12,True
1790473341.8537383,564.978,202.159,2790.128,12,True
1790473341.9182465,565.442,202.136,2790.216,12,True
1790473341.9372225,565.964,202.068,2789.523,12,True
1790473341.9430196,564.57,202.189,2789.657,12,True
1790473341.9749453,564.524,202.198,2789.85,12,True
1790473341.9902093,564.384,201.982,2787.079,12,True
1790473342.0110075,563.846,202.163,2788.771,12,True
1790473342.0306578,563.744,202.072,2787.838,12,True
1790473342.1229877,566.659,202.193,2792.316,12,True
1790473342.141417,568.626,202.008,2792.761,12,True
1790473342.1460574,569.449,201.987,2792.722,12,True
1790473342.1821513,570.205,201.788,2791.4,12,True
1790473342.191458,565.769,201.906,2787.627,12,True
1790473342.2013044,565.469,202.0,2788.108,12,True
1790473342.3226123,566.178,202.036,2790.795,12,True
1790473342.3390057,567.832,202.048,2791.788,12,True
1790473342.350714,565.262,202.133,2789.669,12,True
1790473342.430311,564.337,201.952,2786.986,12,True
1790473342.450434,563.659,202.175,2789.046,12,True
1790473342.4670525,568.504,201.966,2791.989,12,True
1790473342.4811733,566.577,201.947,2789.172,12,True
1790473342.5584207,566.185,201.973,2789.545,12,True
1790473342.5798485,564.478,202.117,2791.779,12,True
1790473342.598206,563.837,202.42,2792.545,12,True
1790473342.606028,565.141,202.129,2789.739,12,True
1790473342.6124694,565.621,202.57,2795.265,12,True
1790473342.6144075,567.165,202.471,2795.091,12,True
1790473342.6944118,565.956,202.143,2791.135,12,True
1790473342.7292247,569.213,201.884,2791.239,12,True
1790473342.7517107,577.301,202.606,2807.337,12,True
1790473342.7535534,578.0,202.026,2801.056,12,True
1790473342.764678,576.477,202.252,2803.075,12,True
1790473342.7655454,575.172,202.295,2802.001,12,True
1790473342.7794049,563.028,202.148,2787.308,12,True
1790473342.7939222,562.339,202.048,2786.034,12,True
1790473342.8475251,566.729,201.988,2791.603,12,True
1790473342.861449,566.619,202.121,2791.835,12,True
1790473342.9254713,571.159,202.117,2796.312,12,True
1790473342.947456,569.043,202.169,2794.563,12,True
1790473342.9514058,569.99,201.969,2793.047,12,True
1790473343.029737,574.711,202.094,2798.98,12,True
1790473343.0447145,578.856,202.084,2804.185,12,True
1790473343.04584,579.828,201.948,2803.538,12,True
1790473343.0988538,566.435,202.087,2790.893,12,True
1790473343.1244836,574.518,202.066,2798.421,12,True
1790473343.1374798,574.155,202.075,2797.678,12,True
1790473343.1404083,576.541,201.953,2798.95,12,True
1790473343.1543753,574.351,202.182,2799.535,12,True
1790473343.1836874,565.059,202.14,2790.365,12,True
1790473343.2291179,567.31,202.161,2792.294,12,True
1790473343.241319,564.652,202.162,2789.432,12,True
1790473343.2974224,567.331,202.08,2791.73,12,True
1790473343.328597,568.768,202.304,2794.142,12,True
